0000,2
0001,2
0002,3
0003,2
0004,3
0005,2
0006,0
0007,2
0008,3
0009,3
0010,3
0011,2
0012,0
0013,1
0014,0
0015,1
0016,2
0017,0
0018,2
0019,1
0020,1
0021,1
0022,3
0023,1
0024,3
0025,0
0026,1
0027,1
0028,2
0029,1
0030,1
0031,2
0032,2
0033,2
0034,2
0035,3
0036,1
0037,1
0038,3
0039,3
0040,3
0041,3
0042,3
0043,2
0044,3
0045,3
0046,3
0047,1
0048,3
0049,3
0050,1
0051,1
0052,3
0053,3
0054,1
0055,2
0056,0
0057,2
0058,3
0059,0
0060,1
0061,1
0062,1
0063,3
0064,1
0065,0
0066,1
0067,2
0068,0
0069,3
0070,2
0071,3
0072,0
0073,2
0074,2
0075,2
0076,3
0077,3
0078,3
0079,2
0080,0
0081,0
0082,0
0083,1
0084,1
0085,0
0086,1
0087,0
0088,1
0089,0
0090,0
0091,2
0092,2
0093,2
0094,0
0095,2
0096,0
0097,0
0098,3
0099,0
0100,1
0101,1
0102,1
0103,3
0104,3
0105,3
0106,2
0107,2
0108,0
0109,2
0110,1
0111,0
0112,2
0113,2
0114,1
0115,1
0116,0
0117,1
0118,1
0119,0
0120,0
0121,3
0122,0
0123,3
0124,3
0125,3
0126,1
0127,3
0128,3
0129,1
0130,1
0131,2
0132,3
0133,3
0134,2
0135,3
0136,2
0137,1
0138,1
0139,3
0140,2
0141,2
0142,3
0143,0
0144,1
0145,0
0146,3
0147,1
0148,2
0149,0
0150,2
0151,1
0152,0
0153,2
0154,3
0155,1
0156,1
0157,2
0158,0
0159,3
0160,2
0161,3
0162,2
0163,0
0164,2
0165,0
0166,2
0167,1
0168,1
0169,3
0170,0
0171,1
0172,1
0173,1
0174,1
0175,2
0176,1
0177,1
0178,3
0179,3
0180,0
0181,1
0182,2
0183,0
0184,3
0185,1
0186,0
0187,0
0188,1
0189,0
0190,3
0191,2
0192,0
0193,0
0194,3
0195,1
0196,1
0197,2
0198,0
0199,1
0200,1
0201,1
0202,3
0203,3
0204,0
0205,0
0206,1
0207,0
0208,3
0209,3
0210,1
0211,2
0212,3
0213,3
0214,2
0215,3
0216,1
0217,0
0218,1
0219,1
0220,1
0221,2
0222,3
0223,3
0224,1
0225,0
0226,0
0227,1
0228,3
0229,3
0230,0
0231,3
0232,1
0233,1
0234,0
0235,2
0236,3
0237,0
0238,3
0239,3
0240,3
0241,1
0242,0
0243,0
0244,1
0245,0
0246,2
0247,3
0248,1
0249,2
0250,3
0251,2
0252,1
0253,1
0254,3
0255,3
0256,1
0257,2
0258,3
0259,3
0260,2
0261,3
0262,2
0263,1
0264,3
0265,0
0266,2
0267,1
0268,3
0269,3
0270,3
0271,0
0272,3
0273,0
0274,0
0275,0
0276,3
0277,1
0278,3
0279,1
0280,0
0281,0
0282,0
0283,1
0284,3
0285,2
0286,2
0287,1
0288,1
0289,1
0290,2
0291,1
0292,1
0293,3
0294,2
0295,3
0296,1
0297,3
0298,3
0299,0
0300,3
0301,3
0302,2
0303,0
0304,2
0305,0
0306,1
0307,2
0308,1
0309,3
0310,2
0311,3
0312,3
0313,0
0314,3
0315,3
0316,0
0317,2
0318,1
0319,1
0320,1
0321,3
0322,2
0323,3
0324,0
0325,3
0326,3
0327,1
0328,0
0329,0
0330,3
0331,2
0332,0
0333,1
0334,2
0335,2
0336,1
0337,3
0338,0
0339,0
0340,1
0341,0
0342,2
0343,1
0344,2
0345,1
0346,0
0347,1
0348,2
0349,0
0350,0
0351,2
0352,1
0353,2
0354,3
0355,3
0356,3
0357,0
0358,0
0359,2
0360,2
0361,2
0362,1
0363,3
0364,1
0365,1
0366,2
0367,0
0368,1
0369,2
0370,3
0371,2
0372,2
0373,3
0374,3
0375,0
0376,2
0377,1
0378,1
0379,3
0380,0
0381,1
0382,0
0383,2
0384,0
0385,1
0386,3
0387,0
0388,3
0389,0
0390,2
0391,3
0392,3
0393,2
0394,0
0395,0
0396,1
0397,0
0398,1
0399,1
0400,3
0401,2
0402,3
0403,0
0404,3
0405,2
0406,2
0407,3
0408,0
0409,2
0410,0
0411,0
0412,3
0413,1
0414,0
0415,3
0416,2
0417,2
0418,3
0419,1
0420,0
0421,3
0422,2
0423,3
0424,3
0425,3
0426,2
0427,3
0428,0
0429,2
0430,0
0431,1
0432,1
0433,0
0434,1
0435,2
0436,3
0437,0
0438,0
0439,0
0440,0
0441,1
0442,0
0443,2
0444,0
0445,0
0446,3
0447,1
0448,3
0449,2
0450,2
0451,2
0452,1
0453,0
0454,3
0455,0
0456,1
0457,3
0458,2
0459,3
0460,0
0461,0
0462,2
0463,1
0464,3
0465,0
0466,0
0467,0
0468,1
0469,0
0470,1
0471,1
0472,0
0473,0
0474,1
0475,1
0476,2
0477,3
0478,0
0479,0
0480,3
0481,1
0482,1
0483,2
0484,0
0485,3
0486,1
0487,3
0488,1
0489,2
0490,1
0491,2
0492,2
0493,1
0494,1
0495,1
0496,1
0497,0
0498,0
0499,0
0500,2
0501,1
0502,3
0503,1
0504,3
0505,1
0506,2
0507,1
0508,1
0509,3
0510,1
0511,1
0512,2
0513,3
0514,2
0515,3
0516,2
0517,0
0518,1
0519,2
0520,3
0521,2
0522,0
0523,0
0524,1
0525,1
0526,2
0527,0
0528,3
0529,1
0530,1
0531,2
0532,1
0533,0
0534,3
0535,1
0536,0
0537,0
0538,3
0539,3
0540,2
0541,3
0542,1
0543,0
0544,1
0545,1
0546,3
0547,3
0548,0
0549,2
0550,1
0551,0
0552,1
0553,2
0554,2
0555,1
0556,1
0557,0
0558,0
0559,1
0560,3
0561,0
0562,0
0563,3
0564,0
0565,0
0566,1
0567,0
0568,2
0569,1
0570,2
0571,1
0572,3
0573,3
0574,0
0575,1
0576,3
0577,1
0578,1
0579,3
0580,1
0581,1
0582,1
0583,3
0584,3
0585,2
0586,2
0587,1
0588,2
0589,0
0590,0
0591,2
0592,1
0593,3
0594,0
0595,1
0596,2
0597,2
0598,1
0599,2
0600,3
0601,1
0602,0
0603,1
0604,3
0605,0
0606,0
0607,3
0608,1
0609,3
0610,0
0611,3
0612,1
0613,2
0614,0
0615,3
0616,1
0617,2
0618,1
0619,0
0620,0
0621,3
0622,2
0623,2
0624,3
0625,1
0626,3
0627,2
0628,1
0629,3
0630,2
0631,3
0632,0
0633,1
0634,1
0635,3
0636,0
0637,2
0638,2
0639,3
0640,2
0641,0
0642,3
0643,2
0644,2
0645,2
0646,2
0647,1
0648,0
0649,2
0650,1
0651,3
0652,1
0653,0
0654,3
0655,2
0656,3
0657,1
0658,3
0659,3
0660,1
0661,1
0662,2
0663,1
0664,2
0665,2
0666,2
0667,2
0668,1
0669,3
0670,1
0671,0
0672,3
0673,0
0674,0
0675,1
0676,3
0677,1
0678,3
0679,3
0680,3
0681,3
0682,3
0683,1
0684,1
0685,2
0686,1
0687,1
0688,1
0689,2
0690,1
0691,2
0692,2
0693,2
0694,0
0695,2
0696,2
0697,0
0698,3
0699,2
0700,0
0701,3
0702,1
0703,2
0704,2
0705,2
0706,3
0707,2
0708,0
0709,1
0710,1
0711,0
0712,2
0713,1
0714,0
0715,2
0716,1
0717,3
0718,1
0719,3
0720,0
0721,2
0722,3
0723,0
0724,1
0725,0
0726,1
0727,0
0728,2
0729,1
0730,3
0731,0
0732,0
0733,1
0734,0
0735,0
0736,0
0737,1
0738,3
0739,3
0740,3
0741,3
0742,0
0743,2
0744,0
0745,1
0746,3
0747,3
0748,3
0749,0
0750,1
0751,1
0752,0
0753,3
0754,3
0755,2
0756,1
0757,2
0758,2
0759,0
0760,1
0761,2
0762,0
0763,0
0764,3
0765,2
0766,3
0767,0
0768,2
0769,2
0770,0
0771,1
0772,3
0773,1
0774,1
0775,1
0776,0
0777,1
0778,2
0779,0
0780,3
0781,2
0782,2
0783,0
0784,2
0785,1
0786,3
0787,0
0788,1
0789,3
0790,1
0791,3
0792,0
0793,0
0794,0
0795,1
0796,2
0797,1
0798,2
0799,2
0800,1
0801,0
0802,0
0803,3
0804,0
0805,0
0806,1
0807,1
0808,2
0809,2
0810,1
0811,1
0812,1
0813,0
0814,2
0815,2
0816,0
0817,1
0818,1
0819,1
0820,2
0821,0
0822,2
0823,1
0824,0
0825,0
0826,2
0827,0
0828,2
0829,2
0830,1
0831,1
0832,3
0833,3
0834,1
0835,2
0836,0
0837,3
0838,0
0839,3
0840,0
0841,2
0842,1
0843,0
0844,0
0845,1
0846,1
0847,2
0848,2
0849,3
0850,0
0851,0
0852,2
0853,2
0854,3
0855,2
0856,2
0857,1
0858,3
0859,2
0860,0
0861,2
0862,3
0863,1
0864,2
0865,0
0866,3
0867,1
0868,3
0869,2
0870,3
0871,0
0872,2
0873,1
0874,3
0875,1
0876,0
0877,0
0878,1
0879,2
0880,2
0881,0
0882,0
0883,2
0884,2
0885,3
0886,0
0887,3
0888,2
0889,1
0890,3
0891,1
0892,0
0893,1
0894,2
0895,1
0896,0
0897,2
0898,3
0899,2
0900,1
0901,0
0902,2
0903,1
0904,3
0905,1
0906,2
0907,2
0908,0
0909,0
0910,1
0911,1
0912,2
0913,2
0914,1
0915,2
0916,1
0917,1
0918,3
0919,2
0920,1
0921,2
0922,3
0923,2
0924,1
0925,3
0926,0
0927,3
0928,1
0929,3
0930,0
0931,0
0932,0
0933,2
0934,1
0935,2
0936,0
0937,1
0938,1
0939,3
0940,3
0941,0
0942,0
0943,3
0944,2
0945,1
0946,1
0947,2
0948,3
0949,0
0950,1
0951,3
0952,3
0953,2
0954,3
0955,1
0956,0
0957,1
0958,2
0959,2
0960,3
0961,1
0962,0
0963,0
0964,1
0965,1
0966,1
0967,0
0968,3
0969,0
0970,0
0971,2
0972,0
0973,0
0974,1
0975,0
0976,2
0977,1
0978,2
0979,3
0980,0
0981,3
0982,2
0983,2
0984,3
0985,3
0986,1
0987,2
0988,2
0989,3
0990,0
0991,1
0992,2
0993,1
0994,3
0995,1
0996,1
0997,1
0998,1
0999,0
1000,0
1001,0
1002,2
1003,0
1004,1
1005,0
1006,0
1007,3
1008,0
1009,2
1010,3
1011,0
1012,2
1013,1
1014,0
1015,1
1016,0
1017,3
1018,2
1019,1
1020,2
1021,3
1022,1
1023,1
1024,3
1025,2
1026,0
1027,3
1028,1
1029,0
1030,0
1031,0
1032,2
1033,3
1034,3
1035,2
1036,0
1037,0
1038,2
1039,0
1040,1
1041,2
1042,1
1043,2
1044,3
1045,0
1046,3
1047,0
1048,0
1049,2
1050,1
1051,1
1052,2
1053,0
1054,1
1055,2
1056,1
1057,1
1058,1
1059,3
1060,1
1061,0
1062,0
1063,0
1064,2
1065,0
1066,3
1067,1
1068,1
1069,1
1070,0
1071,1
1072,3
1073,0
1074,1
1075,2
1076,0
1077,0
1078,1
1079,0
1080,3
1081,0
1082,2
1083,1
1084,3
1085,2
1086,2
1087,3
1088,1
1089,3
1090,2
1091,2
1092,0
1093,3
1094,1
1095,2
1096,0
1097,2
1098,0
1099,1
1100,1
1101,3
1102,1
1103,0
1104,1
1105,2
1106,2
1107,0
1108,3
1109,2
1110,1
1111,0
1112,3
1113,2
1114,3
1115,2
1116,1
1117,3
1118,3
1119,2
1120,3
1121,3
1122,1
1123,3
1124,0
1125,1
1126,0
1127,3
1128,2
1129,1
1130,2
1131,3
1132,1
1133,0
1134,2
1135,2
1136,0
1137,2
1138,2
1139,2
1140,3
1141,3
1142,1
1143,1
1144,3
1145,1
1146,1
1147,0
1148,1
1149,1
1150,3
1151,2
1152,2
1153,3
1154,1
1155,2
1156,1
1157,1
1158,0
1159,2
1160,3
1161,3
1162,3
1163,1
1164,0
1165,0
1166,2
1167,1
1168,0
1169,2
1170,3
1171,2
1172,1
1173,1
1174,1
1175,2
1176,2
1177,1
1178,0
1179,2
1180,0
1181,0
1182,1
1183,0
1184,2
1185,2
1186,1
1187,0
1188,3
1189,0
1190,3
1191,3
1192,2
1193,1
1194,2
1195,3
1196,3
1197,2
1198,0
1199,2
1200,1
1201,0
1202,0
1203,2
1204,2
1205,0
1206,0
1207,1
1208,1
1209,2
1210,2
1211,2
1212,1
1213,2
1214,0
1215,2
1216,1
1217,0
1218,1
1219,0
1220,3
1221,0
1222,2
1223,0
1224,1
1225,2
1226,3
1227,0
1228,1
1229,2
1230,0
1231,1
1232,3
1233,2
1234,3
1235,0
1236,3
1237,1
1238,1
1239,2
1240,0
1241,0
1242,2
1243,0
1244,2
1245,3
1246,0
1247,2
1248,2
1249,0
1250,0
1251,1
1252,1
1253,2
1254,1
1255,0
1256,0
1257,3
1258,2
1259,0
1260,1
1261,3
1262,2
1263,2
1264,2
1265,1
1266,3
1267,1
1268,2
1269,3
1270,1
1271,1
1272,1
1273,3
1274,2
1275,2
1276,0
1277,3
1278,3
1279,3
1280,2
1281,0
1282,0
1283,1
1284,0
1285,1
1286,3
1287,3
1288,2
1289,0
1290,3
1291,2
1292,0
1293,1
1294,0
1295,3
1296,0
1297,0
1298,2
1299,1
1300,2
1301,0
1302,0
1303,1
1304,0
1305,1
1306,2
1307,0
1308,2
1309,2
1310,3
1311,3
1312,3
1313,1
1314,3
1315,1
1316,0
1317,0
1318,0
1319,1
1320,1
1321,2
1322,1
1323,0
1324,0
1325,1
1326,0
1327,3
1328,2
1329,0
1330,3
1331,3
1332,3
1333,0
1334,3
1335,2
1336,3
1337,2
1338,0
1339,1
1340,0
1341,3
1342,1
1343,2
1344,1
1345,3
1346,0
1347,1
1348,3
1349,0
1350,0
1351,1
1352,0
1353,1
1354,0
1355,2
1356,3
1357,3
1358,3
1359,2
1360,0
1361,2
1362,3
1363,3
1364,3
1365,2
1366,2
1367,1
1368,3
1369,0
1370,0
1371,0
1372,3
1373,1
1374,3
1375,2
1376,2
1377,3
1378,1
1379,2
1380,2
1381,2
1382,3
1383,1
1384,3
1385,0
1386,2
1387,3
1388,2
1389,0
1390,2
1391,1
1392,0
1393,1
1394,1
1395,1
1396,2
1397,2
1398,3
1399,0
1400,1
1401,2
1402,3
1403,1
1404,3
1405,1
1406,1
1407,2
1408,1
1409,3
1410,1
1411,2
1412,3
1413,2
1414,1
1415,3
1416,3
1417,0
1418,1
1419,0
1420,3
1421,3
1422,0
1423,0
1424,0
1425,3
1426,3
1427,3
1428,1
1429,0
1430,3
1431,2
1432,1
1433,1
1434,2
1435,2
1436,2
1437,1
1438,0
1439,0
1440,0
1441,3
1442,0
1443,0
1444,2
1445,2
1446,2
1447,1
1448,3
1449,1
1450,0
1451,1
1452,2
1453,0
1454,0
1455,3
1456,1
1457,0
1458,1
1459,0
1460,2
1461,2
1462,3
1463,3
1464,1
1465,0
1466,0
1467,1
1468,1
1469,3
1470,2
1471,2
1472,0
1473,2
1474,2
1475,2
1476,0
1477,3
1478,3
1479,3
1480,3
1481,2
1482,2
1483,0
1484,3
1485,3
1486,3
1487,0
1488,2
1489,2
1490,0
1491,3
1492,3
1493,0
1494,3
1495,0
1496,3
1497,1
1498,2
1499,2
1500,2
1501,3
1502,2
1503,2
1504,0
1505,2
1506,2
1507,1
1508,2
1509,1
1510,2
1511,1
1512,1
1513,2
1514,1
1515,1
1516,3
1517,3
1518,3
1519,1
1520,1
1521,3
1522,3
1523,1
1524,2
1525,1
1526,3
1527,0
1528,3
1529,0
1530,2
1531,1
1532,3
1533,1
1534,1
1535,1
1536,0
1537,0
1538,0
1539,2
1540,3
1541,0
1542,2
1543,3
1544,2
1545,2
1546,1
1547,0
1548,2
1549,0
1550,0
1551,2
1552,3
1553,3
1554,1
1555,0
1556,0
1557,2
1558,2
1559,3
1560,2
1561,3
1562,2
1563,2
1564,3
1565,0
1566,3
1567,2
1568,3
1569,3
1570,1
1571,3
1572,3
1573,1
1574,2
1575,1
1576,0
1577,2
1578,2
1579,2
1580,1
1581,0
1582,3
1583,0
1584,1
1585,2
1586,0
1587,2
1588,2
1589,3
1590,1
1591,2
1592,1
1593,1
1594,3
1595,1
1596,1
1597,3
1598,2
1599,0
1600,1
1601,3
1602,0
1603,2
1604,3
1605,3
1606,0
1607,2
1608,2
1609,3
1610,0
1611,0
1612,2
1613,0
1614,1
1615,3
1616,2
1617,1
1618,0
1619,0
1620,3
1621,2
1622,3
1623,0
1624,0
1625,3
1626,1
1627,1
1628,1
1629,2
1630,1
1631,1
1632,1
1633,2
1634,2
1635,2
1636,2
1637,1
1638,3
1639,2
1640,2
1641,3
1642,0
1643,0
1644,3
1645,2
1646,0
1647,3
1648,1
1649,0
1650,3
1651,1
1652,3
1653,2
1654,0
1655,0
1656,2
1657,2
1658,2
1659,0
1660,2
1661,1
1662,2
1663,0
1664,2
1665,0
1666,1
1667,1
1668,2
1669,3
1670,3
1671,2
1672,2
1673,2
1674,2
1675,0
1676,0
1677,1
1678,2
1679,3
1680,3
1681,1
1682,1
1683,1
1684,1
1685,3
1686,2
1687,1
1688,2
1689,0
1690,3
1691,0
1692,0
1693,1
1694,2
1695,1
1696,2
1697,1
1698,0
1699,2
1700,2
1701,1
1702,3
1703,3
1704,1
1705,1
1706,0
1707,2
1708,0
1709,0
1710,0
1711,1
1712,0
1713,3
1714,3
1715,2
1716,1
1717,2
1718,0
1719,0
1720,3
1721,1
1722,2
1723,2
1724,3
1725,2
1726,0
1727,1
1728,1
1729,2
1730,0
1731,1
1732,3
1733,1
1734,0
1735,0
1736,0
1737,0
1738,3
1739,3
1740,0
1741,2
1742,2
1743,3
1744,2
1745,2
1746,2
1747,2
1748,1
1749,1
1750,3
1751,0
1752,2
1753,3
1754,0
1755,1
1756,2
1757,1
1758,1
1759,1
1760,2
1761,1
1762,1
1763,3
1764,1
1765,1
1766,1
1767,0
1768,3
1769,1
1770,1
1771,0
1772,3
1773,1
1774,1
1775,2
1776,0
1777,3
1778,0
1779,0
1780,3
1781,3
1782,1
1783,2
1784,1
1785,0
1786,1
1787,0
1788,2
1789,1
1790,2
1791,2
1792,2
1793,3
1794,0
1795,3
1796,2
1797,0
1798,2
1799,3
1800,0
1801,3
1802,1
1803,2
1804,2
1805,1
1806,3
1807,0
1808,2
1809,0
1810,0
1811,2
1812,3
1813,1
1814,1
1815,2
1816,0
1817,1
1818,3
1819,0
1820,2
1821,1
1822,2
1823,1
1824,3
1825,0
1826,1
1827,0
1828,1
1829,0
1830,3
1831,1
1832,0
1833,1
1834,3
1835,1
1836,2
1837,3
1838,0
1839,0
1840,0
1841,2
1842,3
1843,1
1844,3
1845,1
1846,0
1847,3
1848,1
1849,2
1850,1
1851,1
1852,3
1853,0
1854,2
1855,2
1856,1
1857,2
1858,2
1859,0
1860,1
1861,0
1862,1
1863,0
1864,3
1865,0
1866,1
1867,1
1868,2
1869,3
1870,3
1871,1
1872,3
1873,0
1874,3
1875,0
1876,0
1877,1
1878,0
1879,0
1880,3
1881,1
1882,3
1883,0
1884,2
1885,3
1886,2
1887,2
1888,0
1889,3
1890,0
1891,3
1892,1
1893,1
1894,1
1895,2
1896,1
1897,2
1898,0
1899,3
1900,2
1901,3
1902,0
1903,2
1904,1
1905,3
1906,0
1907,1
1908,3
1909,2
1910,3
1911,0
1912,0
1913,3
1914,2
1915,3
1916,3
1917,1
1918,0
1919,2
1920,3
1921,2
1922,3
1923,2
1924,2
1925,2
1926,0
1927,3
1928,3
1929,1
1930,0
1931,2
1932,2
1933,3
1934,3
1935,2
1936,1
1937,1
1938,1
1939,0
1940,1
1941,3
1942,1
1943,2
1944,0
1945,1
1946,0
1947,0
1948,3
1949,1
1950,3
1951,0
1952,2
1953,0
1954,3
1955,0
1956,2
1957,0
1958,3
1959,2
1960,1
1961,1
1962,2
1963,2
1964,0
1965,2
1966,1
1967,2
1968,0
1969,0
1970,2
1971,0
1972,2
1973,2
1974,0
1975,2
1976,2
1977,1
1978,0
1979,2
1980,3
1981,3
1982,1
1983,0
1984,0
1985,3
1986,0
1987,1
1988,0
1989,2
1990,1
1991,2
1992,0
1993,1
1994,0
1995,2
1996,0
1997,3
1998,3
1999,3
2000,0
2001,2
2002,0
2003,1
2004,0
2005,1
2006,3
2007,0
2008,1
2009,0
2010,3
2011,0
2012,2
2013,3
2014,3
2015,3
2016,0
2017,2
2018,0
2019,2
2020,0
2021,3
2022,1
2023,3
2024,1
2025,3
2026,2
2027,0
2028,0
2029,1
2030,1
2031,1
2032,3
2033,1
2034,0
2035,3
2036,3
2037,2
2038,2
2039,1
2040,1
2041,3
2042,0
2043,2
2044,1
2045,3
2046,3
2047,1
2048,1
2049,1
2050,2
2051,0
2052,0
2053,3
2054,2
2055,0
2056,3
2057,1
2058,1
2059,3
2060,0
2061,3
2062,3
2063,0
2064,3
2065,2
2066,1
2067,1
2068,1
2069,1
2070,0
2071,3
2072,3
2073,3
2074,3
2075,1
2076,0
2077,2
2078,3
2079,2
2080,3
2081,0
2082,3
2083,3
2084,0
2085,2
2086,3
2087,0
2088,0
2089,1
2090,1
2091,3
2092,2
2093,2
2094,3
2095,2
2096,3
2097,0
2098,1
2099,2
2100,3
2101,3
2102,0
2103,0
2104,1
2105,3
2106,3
2107,1
2108,0
2109,0
2110,1
2111,1
2112,1
2113,3
2114,0
2115,0
2116,3
2117,3
2118,0
2119,2
2120,2
2121,0
2122,1
2123,0
2124,0
2125,3
2126,2
2127,2
2128,0
2129,2
2130,2
2131,0
2132,1
2133,1
2134,1
2135,3
2136,1
2137,1
2138,3
2139,0
2140,2
2141,2
2142,0
2143,3
2144,1
2145,3
2146,0
2147,1
2148,1
2149,3
2150,0
2151,2
2152,3
2153,1
2154,3
2155,3
2156,1
2157,0
2158,3
2159,2
2160,1
2161,0
2162,2
2163,0
2164,1
2165,2
2166,1
2167,3
2168,3
2169,1
2170,3
2171,0
2172,3
2173,0
2174,1
2175,0
2176,1
2177,3
2178,3
2179,3
2180,1
2181,2
2182,2
2183,3
2184,3
2185,0
2186,2
2187,2
2188,1
2189,3
2190,3
2191,0
2192,1
2193,3
2194,2
2195,2
2196,2
2197,0
2198,3
2199,0
2200,1
2201,3
2202,0
2203,2
2204,3
2205,1
2206,3
2207,3
2208,1
2209,1
2210,3
2211,0
2212,2
2213,1
2214,1
2215,2
2216,2
2217,2
2218,0
2219,1
2220,2
2221,0
2222,1
2223,1
2224,0
2225,3
2226,1
2227,3
2228,3
2229,2
2230,3
2231,2
2232,3
2233,1
2234,3
2235,1
2236,1
2237,0
2238,2
2239,0
2240,0
2241,3
2242,1
2243,0
2244,2
2245,0
2246,3
2247,1
2248,1
2249,2
2250,1
2251,2
2252,3
2253,2
2254,0
2255,0
2256,2
2257,2
2258,2
2259,3
2260,2
2261,0
2262,2
2263,1
2264,3
2265,0
2266,1
2267,2
2268,0
2269,0
2270,1
2271,0
2272,1
2273,2
2274,3
2275,0
2276,1
2277,0
2278,2
2279,1
2280,3
2281,2
2282,2
2283,3
2284,2
2285,0
2286,3
2287,2
2288,1
2289,3
2290,2
2291,1
2292,0
2293,3
2294,2
2295,2
2296,1
2297,0
2298,0
2299,0
2300,2
2301,0
2302,3
2303,2
2304,3
2305,2
2306,2
2307,0
2308,2
2309,1
2310,3
2311,2
2312,3
2313,0
2314,1
2315,2
2316,2
2317,1
2318,2
2319,3
2320,1
2321,1
2322,2
2323,2
2324,1
2325,0
2326,1
2327,1
2328,0
2329,3
2330,2
2331,3
2332,3
2333,1
2334,1
2335,3
2336,3
2337,1
2338,1
2339,0
2340,3
2341,1
2342,1
2343,2
2344,2
2345,3
2346,0
2347,0
2348,3
2349,3
2350,1
2351,0
2352,1
2353,1
2354,3
2355,3
2356,3
2357,3
2358,0
2359,0
2360,3
2361,2
2362,0
2363,2
2364,0
2365,0
2366,2
2367,1
2368,0
2369,3
2370,0
2371,3
2372,2
2373,0
2374,1
2375,1
2376,2
2377,2
2378,3
2379,3
2380,2
2381,2
2382,1
2383,2
2384,2
2385,3
2386,1
2387,2
2388,1
2389,1
2390,2
2391,0
2392,3
2393,3
2394,3
2395,0
2396,0
2397,1
2398,3
2399,0
2400,3
2401,0
2402,2
2403,2
2404,1
2405,1
2406,0
2407,3
2408,0
2409,2
2410,1
2411,2
2412,3
2413,2
2414,1
2415,3
2416,0
2417,0
2418,0
2419,3
2420,1
2421,3
2422,0
2423,0
2424,3
2425,3
2426,1
2427,2
2428,3
2429,0
2430,3
2431,1
2432,0
2433,0
2434,2
2435,1
2436,0
2437,3
2438,3
2439,0
2440,0
2441,0
2442,2
2443,2
2444,0
2445,1
2446,2
2447,3
2448,0
2449,2
2450,2
2451,0
2452,0
2453,2
2454,0
2455,2
2456,3
2457,1
2458,3
2459,0
2460,3
2461,1
2462,1
2463,2
2464,2
2465,1
2466,3
2467,1
2468,1
2469,0
2470,3
2471,2
2472,1
2473,3
2474,2
2475,0
2476,0
2477,1
2478,3
2479,3
2480,0
2481,0
2482,0
2483,2
2484,3
2485,3
2486,0
2487,3
2488,1
2489,3
2490,0
2491,3
2492,1
2493,1
2494,2
2495,2
2496,2
2497,2
2498,2
2499,3
2500,2
2501,2
2502,2
2503,1
2504,2
2505,1
2506,3
2507,1
2508,0
2509,0
2510,3
2511,0
2512,1
2513,0
2514,0
2515,3
2516,3
2517,0
2518,2
2519,0
2520,3
2521,0
2522,0
2523,0
2524,1
2525,2
2526,3
2527,2
2528,0
2529,3
2530,2
2531,0
2532,3
2533,1
2534,0
2535,2
2536,3
2537,2
2538,2
2539,2
2540,3
2541,1
2542,3
2543,0
2544,1
2545,0
2546,0
2547,3
2548,0
2549,0
2550,3
2551,1
2552,0
2553,1
2554,0
2555,3
2556,1
2557,3
2558,3
2559,2
2560,3
2561,3
2562,2
2563,0
2564,1
2565,0
2566,3
2567,2
2568,2
2569,0
2570,1
2571,0
2572,3
2573,0
2574,1
2575,0
2576,0
2577,0
2578,1
2579,2
2580,1
2581,1
2582,0
2583,2
2584,0
2585,3
2586,0
2587,3
2588,0
2589,3
2590,0
2591,0
2592,1
2593,1
2594,0
2595,2
2596,3
2597,2
2598,3
2599,1
2600,1
2601,1
2602,2
2603,2
2604,0
2605,0
2606,1
2607,2
2608,2
2609,3
2610,2
2611,0
2612,0
2613,0
2614,1
2615,1
2616,0
2617,0
2618,1
2619,0
2620,1
2621,0
2622,0
2623,2
2624,0
2625,1
2626,2
2627,1
2628,1
2629,0
2630,2
2631,1
2632,1
2633,3
2634,1
2635,1
2636,1
2637,3
2638,1
2639,3
2640,2
2641,2
2642,3
2643,2
2644,3
2645,0
2646,1
2647,1
2648,1
2649,3
2650,2
2651,2
2652,1
2653,3
2654,2
2655,1
2656,0
2657,0
2658,3
2659,2
2660,0
2661,1
2662,0
2663,2
2664,0
2665,2
2666,1
2667,2
2668,0
2669,0
2670,1
2671,0
2672,2
2673,3
2674,1
2675,2
2676,2
2677,3
2678,2
2679,2
2680,0
2681,0
2682,2
2683,1
2684,1
2685,0
2686,1
2687,1
2688,1
2689,0
2690,0
2691,0
2692,2
2693,1
2694,2
2695,3
2696,1
2697,0
2698,0
2699,1
2700,0
2701,3
2702,0
2703,2
2704,1
2705,1
2706,3
2707,0
2708,1
2709,3
2710,3
2711,2
2712,0
2713,2
2714,0
2715,1
2716,1
2717,2
2718,1
2719,3
2720,2
2721,1
2722,0
2723,2
2724,0
2725,0
2726,1
2727,1
2728,2
2729,2
2730,1
2731,2
2732,3
2733,1
2734,2
2735,1
2736,0
2737,3
2738,3
2739,2
2740,1
2741,0
2742,1
2743,3
2744,0
2745,0
2746,0
2747,3
2748,0
2749,0
2750,1
2751,1
2752,3
2753,0
2754,1
2755,2
2756,0
2757,3
2758,2
2759,1
2760,2
2761,2
2762,3
2763,3
2764,3
2765,3
2766,1
2767,0
2768,2
2769,3
2770,2
2771,3
2772,2
2773,2
2774,2
2775,0
2776,2
2777,2
2778,1
2779,2
2780,1
2781,1
2782,2
2783,2
2784,3
2785,2
2786,2
2787,2
2788,1
2789,2
2790,1
2791,3
2792,2
2793,0
2794,2
2795,2
2796,0
2797,1
2798,1
2799,0
2800,1
2801,2
2802,0
2803,2
2804,0
2805,3
2806,0
2807,1
2808,1
2809,2
2810,2
2811,2
2812,1
2813,0
2814,2
2815,0
2816,1
2817,3
2818,3
2819,2
2820,3
2821,1
2822,3
2823,2
2824,2
2825,2
2826,0
2827,0
2828,2
2829,3
2830,3
2831,3
2832,0
2833,0
2834,1
2835,3
2836,1
2837,2
2838,3
2839,0
2840,1
2841,2
2842,0
2843,0
2844,3
2845,1
2846,1
2847,2
2848,0
2849,3
2850,3
2851,3
2852,1
2853,0
2854,3
2855,2
2856,1
2857,2
2858,1
2859,3
2860,2
2861,2
2862,3
2863,1
2864,1
2865,2
2866,0
2867,2
2868,2
2869,3
2870,0
2871,0
2872,2
2873,0
2874,3
2875,3
2876,3
2877,2
2878,0
2879,1
2880,3
2881,2
2882,2
2883,3
2884,3
2885,1
2886,0
2887,3
2888,2
2889,2
2890,1
2891,0
2892,3
2893,0
2894,3
2895,0
2896,3
2897,2
2898,2
2899,3
2900,3
2901,1
2902,0
2903,2
2904,1
2905,0
2906,3
2907,1
2908,3
2909,2
2910,0
2911,2
2912,0
2913,0
2914,1
2915,1
2916,1
2917,1
2918,3
2919,2
2920,1
2921,0
2922,3
2923,3
2924,2
2925,2
2926,2
2927,2
2928,0
2929,3
2930,2
2931,0
2932,0
2933,1
2934,2
2935,3
2936,2
2937,0
2938,1
2939,3
2940,0
2941,0
2942,2
2943,0
2944,3
2945,0
2946,2
2947,1
2948,2
2949,0
2950,1
2951,3
2952,2
2953,0
2954,0
2955,3
2956,2
2957,0
2958,0
2959,0
2960,2
2961,1
2962,1
2963,3
2964,0
2965,0
2966,1
2967,2
2968,1
2969,2
2970,2
2971,2
2972,3
2973,2
2974,3
2975,1
2976,3
2977,1
2978,3
2979,2
2980,3
2981,1
2982,3
2983,1
2984,2
2985,0
2986,1
2987,2
2988,3
2989,1
2990,0
2991,0
2992,3
2993,0
2994,0
2995,0
2996,2
2997,3
2998,0
2999,3
3000,0
3001,2
3002,1
3003,3
3004,3
3005,1
3006,0
3007,2
3008,2
3009,1
3010,1
3011,1
3012,1
3013,2
3014,3
3015,3
3016,0
3017,1
3018,3
3019,0
3020,1
3021,3
3022,2
3023,3
3024,0
3025,0
3026,0
3027,0
3028,0
3029,3
3030,2
3031,3
3032,1
3033,3
3034,1
3035,2
3036,1
3037,1
3038,1
3039,2
3040,3
3041,0
3042,3
3043,1
3044,1
3045,3
3046,3
3047,1
3048,2
3049,3
3050,3
3051,3
3052,1
3053,2
3054,1
3055,3
3056,1
3057,0
3058,2
3059,1
3060,2
3061,1
3062,3
3063,3
3064,1
3065,2
3066,0
3067,1
3068,0
3069,1
3070,3
3071,0
3072,2
3073,3
3074,0
3075,3
3076,1
3077,2
3078,3
3079,2
3080,1
3081,2
3082,1
3083,1
3084,3
3085,1
3086,2
3087,1
3088,0
3089,3
3090,0
3091,1
3092,0
3093,0
3094,3
3095,1
3096,0
3097,3
3098,3
3099,1
3100,1
3101,2
3102,0
3103,3
3104,0
3105,3
3106,0
3107,0
3108,3
3109,2
3110,3
3111,1
3112,1
3113,3
3114,2
3115,0
3116,0
3117,1
3118,3
3119,1
3120,0
3121,1
3122,3
3123,3
3124,3
3125,2
3126,3
3127,3
3128,3
3129,2
3130,0
3131,1
3132,0
3133,0
3134,2
3135,2
3136,0
3137,0
3138,1
3139,3
3140,2
3141,0
3142,0
3143,3
3144,2
3145,2
3146,0
3147,1
3148,0
3149,2
3150,1
3151,0
3152,2
3153,2
3154,1
3155,3
3156,3
3157,0
3158,2
3159,2
3160,3
3161,3
3162,0
3163,0
3164,3
3165,2
3166,1
3167,0
3168,0
3169,0
3170,2
3171,3
3172,0
3173,0
3174,2
3175,1
3176,2
3177,1
3178,1
3179,3
3180,3
3181,1
3182,1
3183,0
3184,3
3185,2
3186,2
3187,2
3188,3
3189,3
3190,2
3191,2
3192,1
3193,1
3194,3
3195,3
3196,0
3197,1
3198,2
3199,3
3200,3
3201,2
3202,1
3203,0
3204,0
3205,0
3206,2
3207,0
3208,1
3209,3
3210,3
3211,2
3212,3
3213,2
3214,1
3215,3
3216,3
3217,1
3218,3
3219,0
3220,0
3221,3
3222,0
3223,0
3224,2
3225,1
3226,3
3227,1
3228,0
3229,1
3230,2
3231,1
3232,1
3233,2
3234,3
3235,2
3236,1
3237,3
3238,1
3239,2
3240,0
3241,3
3242,0
3243,3
3244,1
3245,2
3246,0
3247,3
3248,1
3249,0
3250,3
3251,3
3252,1
3253,2
3254,0
3255,2
3256,3
3257,3
3258,0
3259,3
3260,1
3261,2
3262,1
3263,0
3264,1
3265,3
3266,1
3267,2
3268,3
3269,2
3270,2
3271,1
3272,0
3273,2
3274,2
3275,1
3276,1
3277,2
3278,0
3279,1
3280,1
3281,3
3282,1
3283,1
3284,3
3285,3
3286,0
3287,0
3288,3
3289,2
3290,0
3291,3
3292,3
3293,0
3294,0
3295,3
3296,3
3297,3
3298,1
3299,0
3300,3
3301,2
3302,3
3303,1
3304,3
3305,1
3306,0
3307,1
3308,0
3309,2
3310,2
3311,0
3312,0
3313,3
3314,1
3315,2
3316,0
3317,0
3318,2
3319,3
3320,1
3321,0
3322,3
3323,0
3324,3
3325,1
3326,0
3327,3
3328,2
3329,3
3330,0
3331,2
3332,3
3333,0
3334,3
3335,0
3336,3
3337,2
3338,2
3339,2
3340,1
3341,2
3342,1
3343,0
3344,2
3345,3
3346,0
3347,0
3348,1
3349,1
3350,1
3351,1
3352,1
3353,3
3354,2
3355,3
3356,0
3357,0
3358,0
3359,1
3360,1
3361,1
3362,3
3363,0
3364,2
3365,3
3366,3
3367,2
3368,0
3369,1
3370,0
3371,1
3372,0
3373,0
3374,0
3375,1
3376,1
3377,3
3378,3
3379,1
3380,2
3381,1
3382,0
3383,3
3384,0
3385,0
3386,1
3387,3
3388,0
3389,0
3390,3
3391,2
3392,1
3393,1
3394,1
3395,2
3396,2
3397,1
3398,3
3399,2
3400,3
3401,3
3402,2
3403,2
3404,2
3405,2
3406,1
3407,0
3408,3
3409,2
3410,2
3411,1
3412,2
3413,2
3414,1
3415,2
3416,2
3417,2
3418,0
3419,2
3420,3
3421,1
3422,3
3423,2
3424,1
3425,3
3426,1
3427,1
3428,2
3429,0
3430,0
3431,3
3432,2
3433,2
3434,0
3435,0
3436,1
3437,0
3438,1
3439,0
3440,1
3441,1
3442,0
3443,2
3444,3
3445,3
3446,3
3447,2
3448,1
3449,1
3450,3
3451,0
3452,2
3453,1
3454,3
3455,1
3456,2
3457,2
3458,2
3459,2
3460,2
3461,0
3462,1
3463,1
3464,1
3465,3
3466,3
3467,3
3468,0
3469,1
3470,2
3471,1
3472,2
3473,3
3474,2
3475,2
3476,1
3477,2
3478,1
3479,0
3480,3
3481,2
3482,2
3483,0
3484,0
3485,0
3486,1
3487,1
3488,1
3489,0
3490,1
3491,3
3492,0
3493,0
3494,3
3495,3
3496,3
3497,1
3498,1
3499,0
3500,2
3501,0
3502,1
3503,0
3504,0
3505,1
3506,1
3507,2
3508,1
3509,3
3510,3
3511,2
3512,0
3513,2
3514,0
3515,1
3516,2
3517,0
3518,3
3519,2
3520,3
3521,3
3522,1
3523,3
3524,0
3525,0
3526,3
3527,1
3528,1
3529,1
3530,2
3531,2
3532,3
3533,3
3534,2
3535,3
3536,1
3537,3
3538,2
3539,0
3540,2
3541,1
3542,0
3543,1
3544,2
3545,2
3546,2
3547,2
3548,2
3549,1
3550,3
3551,0
3552,2
3553,1
3554,1
3555,3
3556,2
3557,3
3558,2
3559,3
3560,1
3561,0
3562,3
3563,0
3564,2
3565,3
3566,0
3567,0
3568,3
3569,2
3570,2
3571,0
3572,3
3573,0
3574,1
3575,3
3576,3
3577,0
3578,3
3579,1
3580,1
3581,0
3582,1
3583,2
3584,1
3585,0
3586,2
3587,3
3588,1
3589,2
3590,0
3591,2
3592,0
3593,0
3594,2
3595,2
3596,3
3597,2
3598,2
3599,3
3600,3
3601,3
3602,0
3603,0
3604,2
3605,0
3606,3
3607,1
3608,0
3609,0
3610,0
3611,1
3612,1
3613,0
3614,3
3615,2
3616,1
3617,0
3618,0
3619,2
3620,3
3621,0
3622,3
3623,3
3624,1
3625,1
3626,2
3627,0
3628,1
3629,1
3630,2
3631,3
3632,1
3633,2
3634,1
3635,0
3636,2
3637,0
3638,2
3639,0
3640,3
3641,3
3642,2
3643,2
3644,1
3645,0
3646,2
3647,1
3648,1
3649,3
3650,1
3651,1
3652,3
3653,0
3654,2
3655,0
3656,1
3657,1
3658,1
3659,1
3660,0
3661,2
3662,0
3663,0
3664,0
3665,2
3666,1
3667,0
3668,1
3669,2
3670,2
3671,1
3672,0
3673,2
3674,2
3675,0
3676,0
3677,0
3678,3
3679,2
3680,0
3681,0
3682,2
3683,1
3684,2
3685,2
3686,3
3687,1
3688,1
3689,0
3690,0
3691,2
3692,0
3693,0
3694,2
3695,2
3696,3
3697,3
3698,2
3699,0
3700,0
3701,0
3702,2
3703,2
3704,2
3705,1
3706,0
3707,3
3708,0
3709,2
3710,0
3711,3
3712,3
3713,1
3714,2
3715,0
3716,0
3717,0
3718,0
3719,0
3720,2
3721,3
3722,3
3723,3
3724,2
3725,0
3726,1
3727,1
3728,1
3729,3
3730,2
3731,3
3732,1
3733,2
3734,1
3735,2
3736,3
3737,1
3738,3
3739,1
3740,2
3741,2
3742,0
3743,3
3744,2
3745,1
3746,1
3747,3
3748,2
3749,3
3750,0
3751,3
3752,1
3753,1
3754,3
3755,1
3756,2
3757,2
3758,2
3759,0
3760,2
3761,2
3762,2
3763,3
3764,2
3765,3
3766,2
3767,2
3768,2
3769,1
3770,3
3771,3
3772,0
3773,3
3774,0
3775,1
3776,3
3777,1
3778,2
3779,3
3780,3
3781,0
3782,3
3783,2
3784,0
3785,2
3786,3
3787,0
3788,0
3789,2
3790,1
3791,2
3792,2
3793,0
3794,2
3795,3
3796,3
3797,3
3798,0
3799,1
3800,0
3801,1
3802,3
3803,3
3804,0
3805,0
3806,3
3807,3
3808,1
3809,3
3810,3
3811,3
3812,3
3813,2
3814,0
3815,2
3816,0
3817,1
3818,2
3819,1
3820,0
3821,1
3822,0
3823,2
3824,3
3825,0
3826,0
3827,2
3828,2
3829,0
3830,3
3831,2
3832,3
3833,2
3834,0
3835,1
3836,0
3837,0
3838,1
3839,2
3840,2
3841,1
3842,1
3843,1
3844,3
3845,3
3846,1
3847,3
3848,1
3849,0
3850,2
3851,0
3852,1
3853,1
3854,3
3855,0
3856,2
3857,2
3858,1
3859,1
3860,3
3861,0
3862,0
3863,2
3864,0
3865,2
3866,2
3867,0
3868,1
3869,2
3870,0
3871,2
3872,1
3873,0
3874,3
3875,3
3876,1
3877,0
3878,0
3879,3
3880,2
3881,1
3882,3
3883,2
3884,1
3885,2
3886,1
3887,3
3888,1
3889,1
3890,2
3891,2
3892,0
3893,1
3894,1
3895,1
3896,3
3897,3
3898,0
3899,0
3900,1
3901,0
3902,3
3903,2
3904,3
3905,2
3906,0
3907,0
3908,1
3909,3
3910,0
3911,0
3912,3
3913,1
3914,0
3915,0
3916,1
3917,3
3918,0
3919,1
3920,1
3921,3
3922,3
3923,3
3924,3
3925,1
3926,2
3927,1
3928,2
3929,3
3930,0
3931,2
3932,2
3933,1
3934,2
3935,3
3936,1
3937,0
3938,1
3939,0
3940,1
3941,3
3942,1
3943,0
3944,1
3945,3
3946,1
3947,2
3948,2
3949,2
3950,3
3951,2
3952,0
3953,3
3954,1
3955,0
3956,3
3957,2
3958,3
3959,2
3960,2
3961,2
3962,1
3963,0
3964,1
3965,3
3966,0
3967,2
3968,3
3969,2
3970,1
3971,1
3972,0
3973,3
3974,2
3975,0
3976,1
3977,2
3978,1
3979,1
3980,0
3981,0
3982,3
3983,2
3984,1
3985,2
3986,2
3987,0
3988,2
3989,1
3990,3
3991,1
3992,2
3993,3
3994,1
3995,1
3996,1
3997,2
3998,1
3999,3
4000,2
4001,2
4002,0
4003,0
4004,1
4005,0
4006,1
4007,2
4008,3
4009,2
4010,0
4011,3
4012,1
4013,1
4014,2
4015,3
4016,0
4017,3
4018,2
4019,0
4020,1
4021,0
4022,2
4023,2
4024,1
4025,2
4026,1
4027,0
4028,2
4029,0
4030,1
4031,2
4032,3
4033,0
4034,1
4035,2
4036,1
4037,1
4038,1
4039,1
4040,2
4041,2
4042,0
4043,1
4044,0
4045,1
4046,2
4047,2
4048,3
4049,0
4050,0
4051,3
4052,3
4053,3
4054,0
4055,0
4056,3
4057,3
4058,2
4059,3
4060,2
4061,2
4062,2
4063,3
4064,2
4065,2
4066,2
4067,0
4068,2
4069,0
4070,3
4071,1
4072,1
4073,0
4074,3
4075,1
4076,0
4077,1
4078,2
4079,1
4080,3
4081,2
4082,0
4083,1
4084,1
4085,2
4086,3
4087,0
4088,3
4089,3
4090,2
4091,0
4092,1
4093,3
4094,0
4095,2
4096,3
4097,3
4098,2
4099,2
4100,1
4101,1
4102,0
4103,0
4104,2
4105,3
4106,3
4107,2
4108,3
4109,0
4110,3
4111,2
4112,3
4113,1
4114,0
4115,1
4116,2
4117,0
4118,2
4119,1
4120,2
4121,2
4122,2
4123,1
4124,2
4125,0
4126,3
4127,2
4128,3
4129,3
4130,1
4131,1
4132,3
4133,2
4134,1
4135,2
4136,1
4137,1
4138,2
4139,2
4140,1
4141,1
4142,1
4143,2
4144,2
4145,1
4146,0
4147,1
4148,0
4149,0
4150,2
4151,0
4152,0
4153,2
4154,0
4155,0
4156,2
4157,0
4158,2
4159,2
4160,1
4161,3
4162,0
4163,1
4164,2
4165,3
4166,0
4167,0
4168,0
4169,2
4170,0
4171,1
4172,1
4173,2
4174,0
4175,1
4176,2
4177,1
4178,2
4179,2
4180,3
4181,1
4182,3
4183,0
4184,3
4185,3
4186,1
4187,2
4188,1
4189,1
4190,3
4191,0
4192,2
4193,3
4194,1
4195,2
4196,1
4197,2
4198,0
4199,2
4200,1
4201,3
4202,3
4203,0
4204,3
4205,1
4206,1
4207,0
4208,3
4209,0
4210,3
4211,0
4212,3
4213,0
4214,3
4215,2
4216,3
4217,1
4218,1
4219,0
4220,2
4221,2
4222,2
4223,2
4224,1
4225,0
4226,2
4227,2
4228,0
4229,2
4230,1
4231,0
4232,3
4233,1
4234,2
4235,1
4236,0
4237,3
4238,2
4239,3
4240,3
4241,1
4242,1
4243,3
4244,2
4245,3
4246,0
4247,0
4248,1
4249,3
4250,3
4251,0
4252,1
4253,0
4254,3
4255,1
4256,2
4257,1
4258,0
4259,1
4260,2
4261,0
4262,2
4263,2
4264,1
4265,2
4266,2
4267,1
4268,0
4269,3
4270,3
4271,3
4272,1
4273,3
4274,0
4275,2
4276,2
4277,2
4278,0
4279,3
4280,3
4281,0
4282,0
4283,0
4284,2
4285,0
4286,0
4287,2
4288,2
4289,1
4290,1
4291,0
4292,3
4293,1
4294,0
4295,1
4296,2
4297,2
4298,1
4299,0
4300,2
4301,1
4302,3
4303,0
4304,3
4305,0
4306,0
4307,1
4308,3
4309,3
4310,1
4311,0
4312,2
4313,3
4314,0
4315,1
4316,2
4317,1
4318,2
4319,3
4320,2
4321,2
4322,0
4323,1
4324,3
4325,0
4326,2
4327,2
4328,1
4329,0
4330,2
4331,3
4332,1
4333,2
4334,2
4335,1
4336,2
4337,0
4338,1
4339,1
4340,1
4341,3
4342,0
4343,0
4344,1
4345,0
4346,3
4347,2
4348,2
4349,2
4350,0
4351,0
4352,1
4353,2
4354,2
4355,2
4356,2
4357,2
4358,3
4359,3
4360,3
4361,0
4362,0
4363,3
4364,1
4365,3
4366,2
4367,2
4368,0
4369,3
4370,3
4371,0
4372,1
4373,3
4374,0
4375,2
4376,1
4377,3
4378,1
4379,0
4380,1
4381,1
4382,3
4383,1
4384,2
4385,0
4386,2
4387,3
4388,2
4389,1
4390,0
4391,1
4392,2
4393,3
4394,1
4395,1
4396,3
4397,3
4398,0
4399,2
4400,2
4401,1
4402,2
4403,3
4404,0
4405,3
4406,2
4407,1
4408,0
4409,0
4410,2
4411,2
4412,3
4413,1
4414,2
4415,2
4416,1
4417,2
4418,1
4419,2
4420,3
4421,2
4422,2
4423,3
4424,1
4425,0
4426,0
4427,3
4428,1
4429,2
4430,0
4431,2
4432,0
4433,0
4434,2
4435,2
4436,2
4437,0
4438,0
4439,0
4440,2
4441,0
4442,3
4443,2
4444,2
4445,1
4446,3
4447,0
4448,3
4449,3
4450,0
4451,1
4452,0
4453,3
4454,2
4455,2
4456,0
4457,2
4458,0
4459,1
4460,1
4461,2
4462,3
4463,2
4464,2
4465,2
4466,0
4467,3
4468,3
4469,3
4470,1
4471,3
4472,3
4473,2
4474,3
4475,0
4476,2
4477,0
4478,2
4479,1
4480,2
4481,0
4482,3
4483,0
4484,1
4485,2
4486,1
4487,1
4488,1
4489,0
4490,0
4491,3
4492,3
4493,1
4494,2
4495,1
4496,3
4497,3
4498,0
4499,1
4500,3
4501,2
4502,3
4503,3
4504,3
4505,2
4506,3
4507,2
4508,0
4509,2
4510,1
4511,3
4512,1
4513,1
4514,3
4515,1
4516,2
4517,0
4518,1
4519,3
4520,0
4521,3
4522,0
4523,0
4524,0
4525,3
4526,0
4527,1
4528,3
4529,0
4530,2
4531,2
4532,3
4533,0
4534,0
4535,2
4536,1
4537,0
4538,2
4539,1
4540,2
4541,0
4542,2
4543,2
4544,0
4545,3
4546,0
4547,1
4548,3
4549,2
4550,1
4551,1
4552,3
4553,3
4554,1
4555,2
4556,1
4557,2
4558,3
4559,0
4560,0
4561,1
4562,1
4563,1
4564,0
4565,1
4566,1
4567,2
4568,2
4569,0
4570,2
4571,0
4572,3
4573,0
4574,3
4575,2
4576,0
4577,2
4578,3
4579,0
4580,0
4581,1
4582,3
4583,1
4584,0
4585,1
4586,1
4587,2
4588,2
4589,0
4590,2
4591,1
4592,2
4593,2
4594,0
4595,1
4596,2
4597,3
4598,2
4599,1
4600,1
4601,3
4602,3
4603,0
4604,2
4605,0
4606,0
4607,1
4608,3
4609,3
4610,0
4611,0
4612,2
4613,3
4614,2
4615,2
4616,2
4617,2
4618,3
4619,1
4620,1
4621,1
4622,2
4623,0
4624,2
4625,3
4626,0
4627,2
4628,3
4629,2
4630,1
4631,1
4632,3
4633,0
4634,1
4635,2
4636,1
4637,0
4638,3
4639,1
4640,2
4641,0
4642,2
4643,1
4644,2
4645,1
4646,0
4647,3
4648,1
4649,2
4650,1
4651,3
4652,1
4653,0
4654,0
4655,2
4656,2
4657,1
4658,1
4659,0
4660,0
4661,3
4662,1
4663,3
4664,2
4665,0
4666,1
4667,2
4668,1
4669,2
4670,3
4671,1
4672,1
4673,1
4674,2
4675,0
4676,0
4677,1
4678,3
4679,0
4680,1
4681,2
4682,2
4683,3
4684,0
4685,2
4686,2
4687,1
4688,2
4689,2
4690,3
4691,2
4692,1
4693,1
4694,0
4695,2
4696,3
4697,3
4698,2
4699,0
4700,3
4701,3
4702,3
4703,3
4704,3
4705,2
4706,0
4707,0
4708,2
4709,0
4710,1
4711,0
4712,3
4713,0
4714,1
4715,3
4716,1
4717,1
4718,0
4719,3
4720,2
4721,2
4722,2
4723,0
4724,3
4725,3
4726,2
4727,1
4728,2
4729,1
4730,0
4731,1
4732,0
4733,2
4734,0
4735,0
4736,2
4737,3
4738,3
4739,1
4740,1
4741,3
4742,0
4743,0
4744,3
4745,2
4746,1
4747,3
4748,2
4749,2
4750,1
4751,1
4752,1
4753,2
4754,0
4755,2
4756,2
4757,3
4758,0
4759,0
4760,2
4761,1
4762,0
4763,3
4764,0
4765,2
4766,1
4767,2
4768,0
4769,3
4770,2
4771,1
4772,1
4773,0
4774,0
4775,1
4776,3
4777,1
4778,3
4779,0
4780,0
4781,2
4782,0
4783,2
4784,1
4785,2
4786,2
4787,1
4788,1
4789,2
4790,2
4791,2
4792,0
4793,3
4794,2
4795,3
4796,3
4797,3
4798,0
4799,1
4800,0
4801,3
4802,2
4803,1
4804,3
4805,3
4806,2
4807,3
4808,3
4809,0
4810,3
4811,1
4812,3
4813,1
4814,3
4815,1
4816,0
4817,1
4818,1
4819,2
4820,1
4821,3
4822,3
4823,3
4824,3
4825,1
4826,0
4827,0
4828,1
4829,3
4830,1
4831,2
4832,0
4833,2
4834,3
4835,0
4836,3
4837,3
4838,3
4839,2
4840,2
4841,1
4842,3
4843,3
4844,0
4845,1
4846,0
4847,0
4848,0
4849,2
4850,3
4851,0
4852,3
4853,3
4854,2
4855,1
4856,3
4857,0
4858,2
4859,2
4860,1
4861,2
4862,1
4863,1
4864,1
4865,3
4866,0
4867,3
4868,1
4869,2
4870,3
4871,0
4872,0
4873,2
4874,2
4875,2
4876,3
4877,2
4878,1
4879,1
4880,3
4881,2
4882,0
4883,1
4884,3
4885,3
4886,1
4887,2
4888,0
4889,0
4890,3
4891,0
4892,2
4893,3
4894,3
4895,2
4896,3
4897,0
4898,3
4899,1
4900,1
4901,0
4902,0
4903,3
4904,2
4905,3
4906,2
4907,2
4908,1
4909,1
4910,0
4911,2
4912,1
4913,3
4914,1
4915,1
4916,1
4917,2
4918,1
4919,3
4920,3
4921,1
4922,1
4923,1
4924,2
4925,3
4926,3
4927,0
4928,2
4929,0
4930,0
4931,0
4932,1
4933,2
4934,2
4935,3
4936,0
4937,1
4938,1
4939,2
4940,1
4941,0
4942,1
4943,3
4944,3
4945,0
4946,3
4947,3
4948,2
4949,1
4950,2
4951,1
4952,0
4953,2
4954,0
4955,1
4956,0
4957,1
4958,1
4959,3
4960,3
4961,3
4962,0
4963,0
4964,1
4965,1
4966,0
4967,3
4968,3
4969,1
4970,1
4971,1
4972,2
4973,2
4974,1
4975,2
4976,0
4977,0
4978,3
4979,2
4980,0
4981,3
4982,0
4983,3
4984,1
4985,0
4986,3
4987,3
4988,2
4989,0
4990,0
4991,2
4992,3
4993,2
4994,3
4995,0
4996,1
4997,0
4998,3
4999,3
5000,3
5001,3
5002,1
5003,2
5004,3
5005,3
5006,1
5007,1
5008,0
5009,1
5010,2
5011,3
5012,0
5013,0
5014,3
5015,0
5016,0
5017,2
5018,0
5019,3
5020,1
5021,2
5022,3
5023,2
5024,1
5025,0
5026,1
5027,2
5028,0
5029,3
5030,2
5031,0
5032,2
5033,0
5034,3
5035,3
5036,1
5037,1
5038,2
5039,2
5040,0
5041,1
5042,3
5043,3
5044,0
5045,2
5046,3
5047,3
5048,2
5049,1
5050,2
5051,0
5052,1
5053,0
5054,0
5055,2
5056,1
5057,3
5058,3
5059,2
5060,0
5061,2
5062,0
5063,0
5064,3
5065,2
5066,0
5067,2
5068,0
5069,1
5070,1
5071,3
5072,0
5073,1
5074,1
5075,1
5076,3
5077,2
5078,0
5079,0
5080,2
5081,3
5082,0
5083,2
5084,0
5085,2
5086,0
5087,3
5088,0
5089,1
5090,2
5091,2
5092,3
5093,2
5094,0
5095,2
5096,0
5097,1
5098,3
5099,1
5100,0
5101,1
5102,0
5103,2
5104,0
5105,3
5106,2
5107,1
5108,3
5109,0
5110,1
5111,3
5112,0
5113,0
5114,3
5115,1
5116,1
5117,0
5118,0
5119,0
5120,0
5121,0
5122,3
5123,3
5124,1
5125,1
5126,1
5127,3
5128,3
5129,1
5130,3
5131,3
5132,3
5133,0
5134,0
5135,3
5136,2
5137,3
5138,1
5139,1
5140,2
5141,2
5142,2
5143,1
5144,2
5145,3
5146,3
5147,2
5148,3
5149,3
5150,2
5151,2
5152,0
5153,1
5154,3
5155,0
5156,3
5157,1
5158,1
5159,1
5160,0
5161,1
5162,3
5163,2
5164,3
5165,1
5166,1
5167,3
5168,0
5169,0
5170,2
5171,3
5172,2
5173,0
5174,1
5175,3
5176,1
5177,0
5178,2
5179,2
5180,2
5181,2
5182,1
5183,3
5184,1
5185,2
5186,1
5187,1
5188,0
5189,3
5190,0
5191,1
5192,1
5193,3
5194,3
5195,2
5196,0
5197,3
5198,3
5199,1
5200,3
5201,0
5202,3
5203,0
5204,0
5205,2
5206,2
5207,0
5208,3
5209,1
5210,2
5211,3
5212,1
5213,2
5214,0
5215,3
5216,2
5217,2
5218,0
5219,3
5220,2
5221,0
5222,1
5223,3
5224,2
5225,3
5226,1
5227,0
5228,2
5229,1
5230,0
5231,2
5232,2
5233,1
5234,1
5235,3
5236,0
5237,1
5238,0
5239,1
5240,2
5241,2
5242,2
5243,2
5244,3
5245,1
5246,1
5247,3
5248,2
5249,3
5250,1
5251,2
5252,2
5253,1
5254,2
5255,1
5256,2
5257,3
5258,1
5259,0
5260,0
5261,0
5262,3
5263,3
5264,2
5265,1
5266,3
5267,1
5268,2
5269,3
5270,0
5271,1
5272,3
5273,3
5274,1
5275,1
5276,1
5277,0
5278,2
5279,3
5280,2
5281,2
5282,3
5283,0
5284,3
5285,1
5286,1
5287,2
5288,1
5289,1
5290,0
5291,2
5292,2
5293,0
5294,0
5295,2
5296,2
5297,3
5298,0
5299,1
5300,0
5301,0
5302,2
5303,1
5304,2
5305,3
5306,0
5307,0
5308,3
5309,2
5310,1
5311,1
5312,1
5313,2
5314,3
5315,2
5316,1
5317,1
5318,3
5319,1
5320,0
5321,0
5322,1
5323,3
5324,0
5325,0
5326,1
5327,2
5328,2
5329,1
5330,2
5331,1
5332,3
5333,0
5334,3
5335,1
5336,0
5337,0
5338,3
5339,0
5340,1
5341,0
5342,1
5343,3
5344,3
5345,3
5346,1
5347,3
5348,0
5349,1
5350,3
5351,0
5352,2
5353,1
5354,0
5355,3
5356,1
5357,2
5358,0
5359,2
5360,2
5361,2
5362,2
5363,0
5364,3
5365,1
5366,0
5367,2
5368,2
5369,3
5370,0
5371,0
5372,0
5373,1
5374,3
5375,1
5376,0
5377,0
5378,0
5379,0
5380,1
5381,0
5382,1
5383,0
5384,1
5385,2
5386,3
5387,2
5388,1
5389,0
5390,3
5391,2
5392,1
5393,1
5394,0
5395,0
5396,0
5397,3
5398,3
5399,0
5400,1
5401,2
5402,1
5403,3
5404,0
5405,2
5406,2
5407,2
5408,1
5409,1
5410,1
5411,0
5412,1
5413,1
5414,1
5415,1
5416,0
5417,1
5418,3
5419,3
5420,0
5421,1
5422,2
5423,0
5424,0
5425,1
5426,0
5427,3
5428,1
5429,1
5430,1
5431,3
5432,2
5433,0
5434,1
5435,2
5436,0
5437,2
5438,3
5439,2
5440,1
5441,1
5442,3
5443,1
5444,3
5445,0
5446,2
5447,1
5448,1
5449,0
5450,3
5451,0
5452,0
5453,1
5454,2
5455,0
5456,0
5457,2
5458,0
5459,1
5460,1
5461,2
5462,1
5463,3
5464,0
5465,2
5466,1
5467,3
5468,2
5469,3
5470,0
5471,3
5472,2
5473,0
5474,0
5475,3
5476,2
5477,3
5478,3
5479,2
5480,1
5481,1
5482,0
5483,3
5484,1
5485,1
5486,1
5487,3
5488,3
5489,1
5490,3
5491,3
5492,1
5493,3
5494,3
5495,0
5496,3
5497,1
5498,2
5499,2
5500,2
5501,1
5502,1
5503,2
5504,2
5505,3
5506,3
5507,1
5508,2
5509,1
5510,3
5511,1
5512,0
5513,0
5514,2
5515,2
5516,1
5517,1
5518,2
5519,3
5520,1
5521,3
5522,2
5523,0
5524,3
5525,3
5526,3
5527,1
5528,0
5529,1
5530,0
5531,0
5532,0
5533,0
5534,0
5535,3
5536,0
5537,1
5538,2
5539,0
5540,1
5541,1
5542,1
5543,2
5544,1
5545,3
5546,0
5547,2
5548,2
5549,2
5550,2
5551,0
5552,3
5553,0
5554,0
5555,0
5556,2
5557,0
5558,2
5559,2
5560,1
5561,1
5562,3
5563,1
5564,3
5565,3
5566,1
5567,1
5568,3
5569,0
5570,0
5571,1
5572,1
5573,3
5574,0
5575,0
5576,0
5577,0
5578,1
5579,1
5580,2
5581,1
5582,0
5583,3
5584,2
5585,1
5586,3
5587,2
5588,1
5589,1
5590,2
5591,1
5592,0
5593,3
5594,2
5595,2
5596,1
5597,3
5598,1
5599,1
5600,0
5601,3
5602,0
5603,0
5604,1
5605,1
5606,3
5607,0
5608,2
5609,0
5610,1
5611,1
5612,0
5613,1
5614,2
5615,1
5616,3
5617,3
5618,3
5619,1
5620,3
5621,2
5622,1
5623,2
5624,1
5625,2
5626,1
5627,0
5628,2
5629,3
5630,0
5631,3
5632,0
5633,0
5634,3
5635,1
5636,1
5637,2
5638,3
5639,0
5640,2
5641,2
5642,0
5643,1
5644,0
5645,0
5646,1
5647,1
5648,0
5649,2
5650,2
5651,0
5652,3
5653,2
5654,0
5655,0
5656,1
5657,0
5658,3
5659,0
5660,3
5661,0
5662,3
5663,2
5664,3
5665,2
5666,1
5667,2
5668,2
5669,2
5670,0
5671,0
5672,0
5673,0
5674,1
5675,3
5676,1
5677,2
5678,1
5679,3
5680,0
5681,3
5682,2
5683,1
5684,3
5685,2
5686,3
5687,0
5688,2
5689,3
5690,0
5691,0
5692,2
5693,2
5694,2
5695,2
5696,3
5697,3
5698,2
5699,1
5700,2
5701,0
5702,1
5703,3
5704,3
5705,1
5706,2
5707,2
5708,2
5709,2
5710,0
5711,0
5712,0
5713,1
5714,3
5715,0
5716,0
5717,3
5718,0
5719,1
5720,0
5721,0
5722,1
5723,0
5724,3
5725,0
5726,0
5727,2
5728,2
5729,1
5730,1
5731,1
5732,1
5733,2
5734,0
5735,3
5736,3
5737,3
5738,1
5739,2
5740,2
5741,1
5742,2
5743,3
5744,3
5745,1
5746,2
5747,1
5748,3
5749,3
5750,1
5751,0
5752,2
5753,0
5754,3
5755,0
5756,3
5757,1
5758,3
5759,2
5760,2
5761,3
5762,1
5763,2
5764,1
5765,3
5766,2
5767,3
5768,3
5769,3
5770,1
5771,3
5772,0
5773,0
5774,3
5775,2
5776,3
5777,3
5778,3
5779,2
5780,1
5781,3
5782,3
5783,1
5784,0
5785,3
5786,0
5787,2
5788,3
5789,2
5790,3
5791,1
5792,2
5793,1
5794,2
5795,1
5796,3
5797,0
5798,3
5799,2
5800,3
5801,0
5802,1
5803,0
5804,3
5805,3
5806,3
5807,1
5808,1
5809,1
5810,0
5811,0
5812,3
5813,1
5814,1
5815,0
5816,0
5817,3
5818,3
5819,3
5820,0
5821,0
5822,3
5823,2
5824,1
5825,0
5826,0
5827,3
5828,2
5829,0
5830,2
5831,1
5832,2
5833,3
5834,3
5835,2
5836,1
5837,2
5838,2
5839,0
5840,0
5841,0
5842,1
5843,1
5844,1
5845,3
5846,0
5847,2
5848,2
5849,1
5850,0
5851,2
5852,3
5853,0
5854,1
5855,2
5856,1
5857,2
5858,3
5859,1
5860,0
5861,1
5862,3
5863,1
5864,1
5865,2
5866,0
5867,3
5868,1
5869,1
5870,2
5871,2
5872,3
5873,3
5874,0
5875,1
5876,3
5877,0
5878,2
5879,2
5880,1
5881,1
5882,0
5883,3
5884,3
5885,2
5886,0
5887,3
5888,2
5889,2
5890,2
5891,1
5892,1
5893,2
5894,3
5895,0
5896,3
5897,1
5898,3
5899,1
5900,3
5901,0
5902,2
5903,1
5904,0
5905,2
5906,0
5907,3
5908,1
5909,0
5910,0
5911,3
5912,2
5913,2
5914,1
5915,0
5916,2
5917,2
5918,1
5919,2
5920,1
5921,1
5922,2
5923,2
5924,3
5925,1
5926,1
5927,0
5928,1
5929,1
5930,0
5931,1
5932,3
5933,0
5934,3
5935,2
5936,1
5937,1
5938,2
5939,1
5940,3
5941,2
5942,2
5943,2
5944,0
5945,2
5946,3
5947,1
5948,0
5949,0
5950,1
5951,3
5952,2
5953,0
5954,3
5955,2
5956,1
5957,1
5958,1
5959,0
5960,3
5961,2
5962,0
5963,0
5964,2
5965,3
5966,0
5967,2
5968,0
5969,0
5970,0
5971,3
5972,3
5973,3
5974,1
5975,3
5976,0
5977,2
5978,2
5979,3
5980,0
5981,3
5982,1
5983,0
5984,1
5985,1
5986,1
5987,3
5988,0
5989,2
5990,1
5991,3
5992,1
5993,1
5994,2
5995,1
5996,2
5997,1
5998,0
5999,0
6000,2
6001,3
6002,3
6003,3
6004,3
6005,0
6006,3
6007,1
6008,0
6009,1
6010,2
6011,2
6012,3
6013,2
6014,3
6015,0
6016,2
6017,2
6018,1
6019,3
6020,3
6021,3
6022,0
6023,2
6024,3
6025,0
6026,0
6027,0
6028,3
6029,1
6030,3
6031,2
6032,2
6033,3
6034,2
6035,0
6036,0
6037,0
6038,1
6039,1
6040,2
6041,3
6042,0
6043,2
6044,3
6045,3
6046,1
6047,1
6048,0
6049,3
6050,3
6051,0
6052,3
6053,1
6054,3
6055,0
6056,3
6057,1
6058,3
6059,0
6060,1
6061,0
6062,0
6063,0
6064,1
6065,1
6066,3
6067,1
6068,1
6069,3
6070,0
6071,2
6072,0
6073,2
6074,2
6075,2
6076,3
6077,2
6078,0
6079,0
6080,0
6081,3
6082,3
6083,3
6084,1
6085,1
6086,0
6087,3
6088,3
6089,0
6090,1
6091,1
6092,3
6093,1
6094,2
6095,3
6096,0
6097,3
6098,0
6099,0
6100,1
6101,3
6102,3
6103,2
6104,0
6105,2
6106,3
6107,1
6108,0
6109,3
6110,1
6111,0
6112,0
6113,1
6114,3
6115,3
6116,0
6117,1
6118,2
6119,2
6120,1
6121,1
6122,1
6123,2
6124,0
6125,2
6126,1
6127,2
6128,2
6129,2
6130,1
6131,0
6132,0
6133,1
6134,1
6135,1
6136,0
6137,3
6138,1
6139,1
6140,2
6141,3
6142,2
6143,1
6144,1
6145,0
6146,3
6147,2
6148,2
6149,2
6150,3
6151,3
6152,0
6153,1
6154,3
6155,0
6156,2
6157,3
6158,3
6159,1
6160,3
6161,2
6162,0
6163,3
6164,1
6165,1
6166,1
6167,1
6168,2
6169,1
6170,0
6171,3
6172,0
6173,2
6174,0
6175,0
6176,0
6177,1
6178,0
6179,2
6180,3
6181,0
6182,2
6183,3
6184,1
6185,0
6186,0
6187,3
6188,0
6189,3
6190,3
6191,0
6192,2
6193,1
6194,2
6195,1
6196,1
6197,2
6198,2
6199,1
6200,0
6201,2
6202,3
6203,2
6204,1
6205,3
6206,0
6207,2
6208,1
6209,1
6210,3
6211,3
6212,2
6213,3
6214,0
6215,2
6216,0
6217,2
6218,0
6219,1
6220,0
6221,3
6222,0
6223,0
6224,3
6225,2
6226,0
6227,1
6228,0
6229,0
6230,1
6231,0
6232,2
6233,3
6234,3
6235,1
6236,1
6237,1
6238,2
6239,0
6240,3
6241,1
6242,3
6243,2
6244,3
6245,1
6246,1
6247,0
6248,2
6249,2
6250,0
6251,0
6252,0
6253,1
6254,3
6255,3
6256,3
6257,3
6258,3
6259,3
6260,0
6261,2
6262,0
6263,3
6264,2
6265,2
6266,3
6267,2
6268,2
6269,3
6270,0
6271,0
6272,1
6273,3
6274,2
6275,3
6276,1
6277,1
6278,3
6279,1
6280,3
6281,2
6282,3
6283,3
6284,0
6285,2
6286,2
6287,3
6288,0
6289,3
6290,2
6291,2
6292,1
6293,0
6294,3
6295,0
6296,0
6297,2
6298,3
6299,1
6300,1
6301,1
6302,2
6303,0
6304,3
6305,2
6306,1
6307,2
6308,2
6309,0
6310,3
6311,3
6312,1
6313,0
6314,3
6315,0
6316,0
6317,0
6318,3
6319,1
6320,3
6321,2
6322,2
6323,2
6324,2
6325,2
6326,3
6327,3
6328,0
6329,3
6330,2
6331,1
6332,0
6333,0
6334,3
6335,1
6336,2
6337,2
6338,2
6339,3
6340,2
6341,0
6342,0
6343,2
6344,1
6345,0
6346,0
6347,0
6348,2
6349,3
6350,3
6351,0
6352,1
6353,3
6354,0
6355,3
6356,2
6357,3
6358,2
6359,2
6360,2
6361,0
6362,0
6363,0
6364,1
6365,3
6366,2
6367,0
6368,2
6369,2
6370,0
6371,3
6372,3
6373,0
6374,3
6375,1
6376,1
6377,0
6378,0
6379,1
6380,3
6381,1
6382,2
6383,0
6384,3
6385,2
6386,0
6387,1
6388,2
6389,3
6390,3
6391,0
6392,3
6393,2
6394,1
6395,3
6396,2
6397,1
6398,2
6399,2
6400,2
6401,0
6402,3
6403,1
6404,3
6405,1
6406,2
6407,3
6408,0
6409,2
6410,2
6411,0
6412,2
6413,2
6414,2
6415,3
6416,3
6417,0
6418,0
6419,0
6420,2
6421,1
6422,0
6423,2
6424,2
6425,3
6426,3
6427,3
6428,3
6429,2
6430,3
6431,3
6432,3
6433,0
6434,3
6435,0
6436,1
6437,0
6438,3
6439,3
6440,3
6441,3
6442,0
6443,0
6444,3
6445,1
6446,3
6447,2
6448,1
6449,1
6450,3
6451,1
6452,1
6453,1
6454,0
6455,3
6456,3
6457,1
6458,0
6459,3
6460,0
6461,0
6462,2
6463,2
6464,1
6465,0
6466,1
6467,2
6468,2
6469,0
6470,0
6471,2
6472,0
6473,3
6474,0
6475,2
6476,2
6477,1
6478,2
6479,2
6480,2
6481,2
6482,1
6483,1
6484,1
6485,0
6486,2
6487,1
6488,1
6489,0
6490,1
6491,0
6492,2
6493,3
6494,2
6495,0
6496,3
6497,3
6498,2
6499,3
6500,2
6501,2
6502,2
6503,0
6504,3
6505,0
6506,3
6507,0
6508,3
6509,1
6510,0
6511,1
6512,0
6513,2
6514,2
6515,2
6516,0
6517,1
6518,2
6519,0
6520,3
6521,1
6522,2
6523,1
6524,1
6525,2
6526,0
6527,3
6528,0
6529,2
6530,0
6531,2
6532,2
6533,1
6534,0
6535,1
6536,3
6537,2
6538,3
6539,3
6540,2
6541,3
6542,2
6543,0
6544,2
6545,1
6546,3
6547,2
6548,1
6549,0
6550,2
6551,1
6552,3
6553,0
6554,0
6555,2
6556,2
6557,0
6558,3
6559,3
6560,1
6561,3
6562,2
6563,3
6564,2
6565,3
6566,0
6567,1
6568,0
6569,3
6570,0
6571,2
6572,0
6573,3
6574,3
6575,0
6576,3
6577,1
6578,1
6579,3
6580,2
6581,1
6582,2
6583,2
6584,2
6585,3
6586,0
6587,0
6588,2
6589,0
6590,3
6591,3
6592,1
6593,3
6594,3
6595,2
6596,2
6597,0
6598,2
6599,2
6600,2
6601,1
6602,2
6603,0
6604,0
6605,2
6606,0
6607,2
6608,2
6609,2
6610,0
6611,0
6612,2
6613,1
6614,0
6615,3
6616,1
6617,1
6618,1
6619,2
6620,0
6621,3
6622,2
6623,3
6624,3
6625,1
6626,3
6627,3
6628,3
6629,2
6630,1
6631,3
6632,1
6633,3
6634,2
6635,0
6636,1
6637,0
6638,2
6639,0
6640,0
6641,2
6642,1
6643,0
6644,2
6645,0
6646,2
6647,3
6648,1
6649,3
6650,2
6651,2
6652,0
6653,1
6654,1
6655,0
6656,3
6657,3
6658,0
6659,0
6660,1
6661,0
6662,2
6663,2
6664,0
6665,0
6666,0
6667,1
6668,2
6669,1
6670,0
6671,3
6672,0
6673,0
6674,0
6675,1
6676,1
6677,3
6678,3
6679,3
6680,3
6681,0
6682,1
6683,1
6684,3
6685,3
6686,0
6687,1
6688,3
6689,0
6690,0
6691,3
6692,1
6693,2
6694,1
6695,3
6696,0
6697,0
6698,0
6699,3
6700,0
6701,2
6702,3
6703,1
6704,0
6705,1
6706,0
6707,3
6708,0
6709,1
6710,2
6711,1
6712,3
6713,3
6714,0
6715,2
6716,2
6717,1
6718,3
6719,3
6720,3
6721,0
6722,1
6723,0
6724,1
6725,0
6726,0
6727,0
6728,3
6729,2
6730,2
6731,2
6732,1
6733,2
6734,0
6735,1
6736,2
6737,1
6738,2
6739,2
6740,3
6741,2
6742,1
6743,2
6744,3
6745,1
6746,1
6747,3
6748,1
6749,0
6750,0
6751,0
6752,0
6753,0
6754,1
6755,1
6756,2
6757,0
6758,0
6759,3
6760,3
6761,0
6762,0
6763,3
6764,1
6765,1
6766,1
6767,1
6768,2
6769,2
6770,3
6771,2
6772,0
6773,2
6774,0
6775,2
6776,1
6777,2
6778,0
6779,3
6780,3
6781,3
6782,3
6783,2
6784,3
6785,3
6786,1
6787,0
6788,2
6789,1
6790,0
6791,1
6792,3
6793,0
6794,1
6795,1
6796,2
6797,1
6798,3
6799,3
6800,2
6801,1
6802,0
6803,3
6804,0
6805,3
6806,1
6807,2
6808,1
6809,1
6810,0
6811,1
6812,1
6813,0
6814,2
6815,0
6816,3
6817,1
6818,3
6819,3
6820,0
6821,0
6822,3
6823,0
6824,0
6825,0
6826,1
6827,0
6828,1
6829,1
6830,0
6831,2
6832,1
6833,2
6834,3
6835,0
6836,0
6837,0
6838,2
6839,2
6840,0
6841,1
6842,1
6843,3
6844,3
6845,0
6846,2
6847,1
6848,0
6849,1
6850,1
6851,2
6852,1
6853,0
6854,0
6855,2
6856,1
6857,0
6858,3
6859,1
6860,0
6861,0
6862,2
6863,0
6864,0
6865,1
6866,3
6867,3
6868,0
6869,2
6870,1
6871,2
6872,3
6873,3
6874,0
6875,2
6876,1
6877,0
6878,3
6879,2
6880,0
6881,2
6882,0
6883,0
6884,2
6885,1
6886,1
6887,1
6888,0
6889,1
6890,2
6891,2
6892,2
6893,2
6894,0
6895,3
6896,2
6897,2
6898,1
6899,0
6900,3
6901,2
6902,2
6903,0
6904,3
6905,3
6906,0
6907,3
6908,2
6909,0
6910,0
6911,3
6912,2
6913,2
6914,2
6915,3
6916,1
6917,3
6918,3
6919,2
6920,3
6921,0
6922,3
6923,2
6924,3
6925,0
6926,0
6927,2
6928,2
6929,3
6930,1
6931,0
6932,3
6933,3
6934,0
6935,2
6936,1
6937,1
6938,0
6939,2
6940,2
6941,0
6942,0
6943,0
6944,2
6945,1
6946,1
6947,3
6948,1
6949,2
6950,1
6951,1
6952,2
6953,1
6954,1
6955,2
6956,3
6957,2
6958,1
6959,1
6960,1
6961,3
6962,1
6963,3
6964,2
6965,3
6966,2
6967,2
6968,3
6969,2
6970,3
6971,1
6972,3
6973,0
6974,3
6975,1
6976,2
6977,0
6978,1
6979,1
6980,3
6981,0
6982,2
6983,2
6984,1
6985,0
6986,0
6987,0
6988,3
6989,2
6990,1
6991,1
6992,0
6993,3
6994,2
6995,0
6996,3
6997,3
6998,1
6999,3
7000,1
7001,2
7002,0
7003,1
7004,2
7005,2
7006,3
7007,2
7008,2
7009,1
7010,0
7011,3
7012,3
7013,1
7014,0
7015,3
7016,0
7017,0
7018,0
7019,0
7020,1
7021,3
7022,0
7023,0
7024,3
7025,1
7026,0
7027,3
7028,2
7029,2
7030,3
7031,0
7032,1
7033,0
7034,2
7035,1
7036,2
7037,3
7038,1
7039,1
7040,3
7041,3
7042,0
7043,1
7044,1
7045,3
7046,3
7047,3
7048,0
7049,2
7050,2
7051,0
7052,2
7053,2
7054,2
7055,3
7056,1
7057,1
7058,0
7059,3
7060,0
7061,2
7062,2
7063,0
7064,1
7065,3
7066,1
7067,1
7068,1
7069,3
7070,2
7071,3
7072,0
7073,1
7074,2
7075,3
7076,3
7077,2
7078,2
7079,2
7080,0
7081,2
7082,0
7083,2
7084,1
7085,0
7086,0
7087,1
7088,3
7089,1
7090,1
7091,0
7092,2
7093,0
7094,3
7095,2
7096,0
7097,0
7098,3
7099,3
7100,2
7101,2
7102,3
7103,3
7104,1
7105,3
7106,0
7107,2
7108,3
7109,2
7110,0
7111,3
7112,0
7113,0
7114,1
7115,1
7116,3
7117,1
7118,2
7119,3
7120,0
7121,2
7122,0
7123,0
7124,2
7125,2
7126,3
7127,2
7128,2
7129,0
7130,0
7131,0
7132,0
7133,3
7134,2
7135,2
7136,2
7137,3
7138,2
7139,2
7140,3
7141,3
7142,3
7143,0
7144,0
7145,0
7146,0
7147,3
7148,2
7149,0
7150,2
7151,3
7152,3
7153,1
7154,2
7155,3
7156,0
7157,2
7158,0
7159,0
7160,0
7161,1
7162,3
7163,2
7164,0
7165,1
7166,3
7167,3
7168,2
7169,1
7170,3
7171,1
7172,1
7173,0
7174,0
7175,3
7176,1
7177,3
7178,0
7179,3
7180,3
7181,3
7182,1
7183,1
7184,3
7185,0
7186,0
7187,3
7188,1
7189,2
7190,0
7191,3
7192,2
7193,2
7194,3
7195,2
7196,1
7197,3
7198,3
7199,2
7200,0
7201,2
7202,2
7203,1
7204,0
7205,1
7206,3
7207,3
7208,1
7209,3
7210,3
7211,3
7212,3
7213,2
7214,0
7215,1
7216,3
7217,3
7218,3
7219,1
7220,2
7221,0
7222,3
7223,0
7224,0
7225,0
7226,1
7227,2
7228,1
7229,3
7230,0
7231,2
7232,1
7233,2
7234,3
7235,1
7236,3
7237,0
7238,1
7239,2
7240,3
7241,0
7242,1
7243,3
7244,3
7245,3
7246,0
7247,1
7248,0
7249,2
7250,0
7251,1
7252,0
7253,1
7254,3
7255,3
7256,2
7257,0
7258,0
7259,0
7260,1
7261,2
7262,2
7263,1
7264,3
7265,2
7266,2
7267,0
7268,3
7269,3
7270,1
7271,1
7272,1
7273,1
7274,3
7275,3
7276,2
7277,2
7278,0
7279,1
7280,0
7281,2
7282,1
7283,3
7284,0
7285,2
7286,0
7287,0
7288,0
7289,0
7290,3
7291,3
7292,1
7293,3
7294,0
7295,1
7296,0
7297,2
7298,0
7299,0
7300,0
7301,1
7302,3
7303,0
7304,2
7305,0
7306,1
7307,3
7308,3
7309,0
7310,3
7311,2
7312,2
7313,2
7314,3
7315,2
7316,0
7317,0
7318,2
7319,1
7320,2
7321,0
7322,1
7323,1
7324,1
7325,3
7326,0
7327,3
7328,3
7329,0
7330,1
7331,0
7332,1
7333,0
7334,1
7335,2
7336,1
7337,2
7338,1
7339,3
7340,3
7341,0
7342,0
7343,0
7344,2
7345,0
7346,0
7347,2
7348,0
7349,0
7350,2
7351,0
7352,3
7353,1
7354,0
7355,1
7356,1
7357,3
7358,0
7359,3
7360,3
7361,0
7362,3
7363,0
7364,1
7365,0
7366,2
7367,0
7368,1
7369,2
7370,1
7371,2
7372,2
7373,1
7374,1
7375,0
7376,2
7377,2
7378,0
7379,0
7380,3
7381,1
7382,1
7383,3
7384,1
7385,2
7386,0
7387,2
7388,2
7389,1
7390,3
7391,3
7392,2
7393,3
7394,1
7395,2
7396,3
7397,1
7398,1
7399,0
7400,3
7401,1
7402,2
7403,1
7404,0
7405,2
7406,1
7407,1
7408,3
7409,0
7410,3
7411,2
7412,0
7413,3
7414,0
7415,0
7416,3
7417,3
7418,0
7419,2
7420,1
7421,3
7422,0
7423,0
7424,0
7425,0
7426,0
7427,2
7428,1
7429,0
7430,2
7431,3
7432,3
7433,1
7434,3
7435,3
7436,0
7437,1
7438,2
7439,0
7440,2
7441,2
7442,0
7443,3
7444,0
7445,3
7446,0
7447,2
7448,3
7449,1
7450,0
7451,2
7452,2
7453,1
7454,2
7455,2
7456,3
7457,2
7458,3
7459,3
7460,1
7461,3
7462,2
7463,2
7464,1
7465,2
7466,1
7467,1
7468,2
7469,3
7470,0
7471,1
7472,3
7473,3
7474,3
7475,3
7476,1
7477,0
7478,1
7479,2
7480,0
7481,0
7482,1
7483,1
7484,0
7485,0
7486,0
7487,3
7488,3
7489,2
7490,2
7491,3
7492,0
7493,2
7494,3
7495,0
7496,0
7497,2
7498,3
7499,3
7500,0
7501,3
7502,0
7503,2
7504,2
7505,3
7506,1
7507,0
7508,0
7509,3
7510,3
7511,3
7512,0
7513,1
7514,3
7515,1
7516,1
7517,2
7518,0
7519,0
7520,0
7521,1
7522,0
7523,1
7524,0
7525,0
7526,3
7527,3
7528,3
7529,1
7530,1
7531,1
7532,0
7533,3
7534,1
7535,2
7536,3
7537,0
7538,0
7539,1
7540,0
7541,3
7542,3
7543,1
7544,1
7545,3
7546,2
7547,2
7548,1
7549,3
7550,2
7551,2
7552,0
7553,3
7554,0
7555,0
7556,1
7557,2
7558,0
7559,2
7560,0
7561,1
7562,0
7563,0
7564,1
7565,0
7566,3
7567,3
7568,1
7569,1
7570,0
7571,2
7572,1
7573,0
7574,1
7575,1
7576,2
7577,2
7578,0
7579,2
7580,1
7581,3
7582,1
7583,1
7584,0
7585,0
7586,0
7587,1
7588,0
7589,1
7590,1
7591,3
7592,0
7593,0
7594,0
7595,0
7596,1
7597,0
7598,1
7599,0
7600,1
7601,2
7602,3
7603,1
7604,2
7605,3
7606,3
7607,1
7608,2
7609,1
7610,2
7611,2
7612,1
7613,0
7614,0
7615,2
7616,2
7617,2
7618,3
7619,0
7620,1
7621,0
7622,2
7623,2
7624,1
7625,1
7626,2
7627,1
7628,1
7629,2
7630,3
7631,2
7632,0
7633,1
7634,1
7635,0
7636,1
7637,1
7638,2
7639,0
7640,0
7641,3
7642,0
7643,0
7644,2
7645,1
7646,3
7647,1
7648,2
7649,1
7650,0
7651,3
7652,2
7653,0
7654,1
7655,0
7656,2
7657,3
7658,0
7659,0
7660,2
7661,1
7662,3
7663,1
7664,0
7665,0
7666,0
7667,1
7668,2
7669,3
7670,3
7671,2
7672,0
7673,3
7674,0
7675,1
7676,0
7677,0
7678,1
7679,3
7680,3
7681,3
7682,0
7683,2
7684,3
7685,1
7686,2
7687,2
7688,2
7689,3
7690,2
7691,2
7692,0
7693,3
7694,0
7695,1
7696,2
7697,0
7698,0
7699,1
7700,3
7701,2
7702,0
7703,3
7704,2
7705,2
7706,0
7707,1
7708,1
7709,0
7710,3
7711,0
7712,2
7713,0
7714,0
7715,2
7716,2
7717,2
7718,0
7719,2
7720,2
7721,2
7722,0
7723,3
7724,2
7725,1
7726,1
7727,3
7728,1
7729,0
7730,0
7731,1
7732,0
7733,3
7734,2
7735,3
7736,0
7737,1
7738,2
7739,3
7740,0
7741,3
7742,3
7743,1
7744,3
7745,1
7746,1
7747,1
7748,2
7749,0
7750,0
7751,3
7752,2
7753,0
7754,0
7755,2
7756,1
7757,2
7758,0
7759,2
7760,3
7761,2
7762,3
7763,1
7764,0
7765,2
7766,1
7767,0
7768,3
7769,3
7770,2
7771,2
7772,0
7773,3
7774,0
7775,0
7776,2
7777,2
7778,1
7779,3
7780,2
7781,3
7782,1
7783,0
7784,0
7785,1
7786,0
7787,1
7788,2
7789,2
7790,2
7791,0
7792,0
7793,2
7794,2
7795,0
7796,3
7797,2
7798,0
7799,2
7800,3
7801,0
7802,3
7803,0
7804,1
7805,3
7806,2
7807,2
7808,2
7809,3
7810,3
7811,1
7812,3
7813,0
7814,1
7815,2
7816,3
7817,2
7818,1
7819,3
7820,1
7821,2
7822,0
7823,3
7824,2
7825,0
7826,0
7827,1
7828,3
7829,3
7830,0
7831,3
7832,2
7833,1
7834,0
7835,2
7836,0
7837,0
7838,3
7839,2
7840,3
7841,3
7842,0
7843,0
7844,3
7845,0
7846,3
7847,3
7848,1
7849,2
7850,3
7851,1
7852,1
7853,2
7854,1
7855,0
7856,3
7857,1
7858,0
7859,2
7860,0
7861,3
7862,1
7863,1
7864,0
7865,0
7866,0
7867,1
7868,3
7869,2
7870,2
7871,0
7872,2
7873,0
7874,1
7875,0
7876,3
7877,1
7878,1
7879,3
7880,2
7881,3
7882,0
7883,3
7884,3
7885,1
7886,1
7887,0
7888,2
7889,3
7890,0
7891,0
7892,0
7893,1
7894,1
7895,1
7896,2
7897,2
7898,1
7899,1
7900,1
7901,3
7902,3
7903,2
7904,2
7905,1
7906,3
7907,2
7908,0
7909,0
7910,2
7911,3
7912,3
7913,0
7914,0
7915,3
7916,3
7917,1
7918,0
7919,2
7920,0
7921,1
7922,3
7923,2
7924,0
7925,2
7926,2
7927,3
7928,3
7929,0
7930,0
7931,3
7932,1
7933,1
7934,0
7935,3
7936,2
7937,2
7938,1
7939,3
7940,0
7941,0
7942,0
7943,2
7944,2
7945,1
7946,1
7947,2
7948,0
7949,1
7950,2
7951,0
7952,0
7953,1
7954,2
7955,0
7956,1
7957,3
7958,1
7959,3
7960,0
7961,0
7962,2
7963,2
7964,0
7965,1
7966,1
7967,1
7968,0
7969,2
7970,0
7971,3
7972,1
7973,3
7974,0
7975,2
7976,1
7977,1
7978,0
7979,0
7980,1
7981,0
7982,3
7983,2
7984,3
7985,2
7986,0
7987,3
7988,1
7989,3
7990,1
7991,2
7992,1
7993,0
7994,2
7995,3
7996,3
7997,3
7998,1
7999,2
8000,1
8001,3
8002,3
8003,0
8004,2
8005,2
8006,1
8007,2
8008,0
8009,2
8010,1
8011,3
8012,3
8013,3
8014,0
8015,2
8016,0
8017,1
8018,2
8019,1
8020,2
8021,0
8022,2
8023,3
8024,0
8025,3
8026,3
8027,1
8028,1
8029,3
8030,3
8031,1
8032,0
8033,0
8034,1
8035,0
8036,0
8037,3
8038,0
8039,2
8040,1
8041,0
8042,0
8043,3
8044,1
8045,2
8046,2
8047,2
8048,1
8049,2
8050,3
8051,3
8052,3
8053,3
8054,3
8055,1
8056,0
8057,2
8058,2
8059,1
8060,1
8061,1
8062,2
8063,3
8064,3
8065,0
8066,1
8067,2
8068,1
8069,2
8070,3
8071,1
8072,0
8073,1
8074,0
8075,0
8076,3
8077,1
8078,3
8079,3
8080,3
8081,3
8082,1
8083,2
8084,2
8085,1
8086,2
8087,3
8088,0
8089,2
8090,0
8091,1
8092,1
8093,0
8094,2
8095,3
8096,2
8097,3
8098,3
8099,2
8100,2
8101,3
8102,3
8103,3
8104,2
8105,1
8106,1
8107,3
8108,3
8109,2
8110,2
8111,0
8112,2
8113,2
8114,1
8115,3
8116,2
8117,2
8118,0
8119,3
8120,0
8121,0
8122,2
8123,1
8124,2
8125,2
8126,0
8127,2
8128,2
8129,1
8130,3
8131,3
8132,2
8133,3
8134,3
8135,2
8136,3
8137,1
8138,2
8139,0
8140,2
8141,3
8142,1
8143,0
8144,2
8145,1
8146,3
8147,3
8148,1
8149,1
8150,0
8151,1
8152,1
8153,3
8154,2
8155,1
8156,2
8157,1
8158,0
8159,3
8160,3
8161,1
8162,2
8163,1
8164,1
8165,1
8166,3
8167,3
8168,1
8169,2
8170,0
8171,3
8172,1
8173,2
8174,0
8175,3
8176,0
8177,2
8178,3
8179,1
8180,3
8181,3
8182,2
8183,3
8184,2
8185,0
8186,1
8187,0
8188,0
8189,2
8190,3
8191,3
8192,1
8193,0
8194,3
8195,2
8196,2
8197,3
8198,0
8199,2
8200,0
8201,0
8202,3
8203,2
8204,3
8205,1
8206,1
8207,3
8208,1
8209,2
8210,1
8211,3
8212,1
8213,1
8214,0
8215,1
8216,1
8217,1
8218,0
8219,3
8220,1
8221,2
8222,2
8223,2
8224,2
8225,2
8226,3
8227,0
8228,2
8229,0
8230,2
8231,0
8232,3
8233,2
8234,0
8235,2
8236,1
8237,2
8238,3
8239,2
8240,1
8241,3
8242,2
8243,2
8244,0
8245,0
8246,3
8247,1
8248,3
8249,1
8250,1
8251,0
8252,3
8253,2
8254,0
8255,0
8256,3
8257,3
8258,2
8259,3
8260,3
8261,1
8262,0
8263,3
8264,1
8265,1
8266,1
8267,1
8268,0
8269,3
8270,2
8271,2
8272,3
8273,1
8274,1
8275,1
8276,3
8277,0
8278,2
8279,3
8280,1
8281,3
8282,0
8283,0
8284,0
8285,1
8286,2
8287,0
8288,0
8289,0
8290,3
8291,1
8292,1
8293,1
8294,2
8295,3
8296,2
8297,2
8298,1
8299,2
8300,0
8301,3
8302,1
8303,2
8304,1
8305,3
8306,1
8307,3
8308,0
8309,3
8310,3
8311,2
8312,2
8313,1
8314,3
8315,3
8316,3
8317,1
8318,0
8319,0
8320,2
8321,2
8322,0
8323,0
8324,1
8325,1
8326,3
8327,2
8328,2
8329,2
8330,1
8331,0
8332,3
8333,1
8334,1
8335,0
8336,0
8337,3
8338,3
8339,2
8340,0
8341,3
8342,1
8343,1
8344,0
8345,0
8346,3
8347,1
8348,1
8349,3
8350,2
8351,0
8352,3
8353,2
8354,1
8355,0
8356,3
8357,3
8358,0
8359,1
8360,2
8361,3
8362,3
8363,3
8364,3
8365,3
8366,1
8367,3
8368,2
8369,3
8370,0
8371,1
8372,3
8373,0
8374,0
8375,2
8376,2
8377,0
8378,1
8379,3
8380,0
8381,2
8382,3
8383,0
8384,1
8385,3
8386,0
8387,1
8388,1
8389,0
8390,0
8391,1
8392,2
8393,0
8394,2
8395,3
8396,2
8397,3
8398,3
8399,1
8400,0
8401,0
8402,1
8403,0
8404,0
8405,0
8406,1
8407,1
8408,3
8409,3
8410,3
8411,0
8412,1
8413,1
8414,3
8415,2
8416,3
8417,1
8418,0
8419,3
8420,0
8421,2
8422,3
8423,0
8424,2
8425,1
8426,3
8427,0
8428,0
8429,2
8430,3
8431,2
8432,1
8433,2
8434,1
8435,0
8436,0
8437,0
8438,2
8439,3
8440,2
8441,2
8442,0
8443,3
8444,3
8445,3
8446,3
8447,2
8448,1
8449,1
8450,2
8451,0
8452,3
8453,0
8454,1
8455,2
8456,1
8457,0
8458,3
8459,3
8460,3
8461,2
8462,1
8463,2
8464,2
8465,0
8466,2
8467,2
8468,0
8469,3
8470,3
8471,2
8472,3
8473,1
8474,2
8475,2
8476,2
8477,2
8478,3
8479,0
8480,2
8481,1
8482,2
8483,0
8484,1
8485,2
8486,3
8487,3
8488,1
8489,3
8490,2
8491,2
8492,1
8493,0
8494,1
8495,2
8496,1
8497,2
8498,1
8499,0
8500,3
8501,1
8502,2
8503,3
8504,1
8505,3
8506,0
8507,3
8508,0
8509,1
8510,0
8511,1
8512,3
8513,2
8514,2
8515,2
8516,1
8517,2
8518,2
8519,1
8520,2
8521,3
8522,0
8523,3
8524,2
8525,0
8526,2
8527,2
8528,1
8529,3
8530,2
8531,0
8532,1
8533,3
8534,3
8535,0
8536,0
8537,3
8538,1
8539,2
8540,3
8541,0
8542,3
8543,3
8544,2
8545,3
8546,3
8547,0
8548,2
8549,1
8550,0
8551,3
8552,3
8553,1
8554,2
8555,1
8556,2
8557,1
8558,3
8559,3
8560,0
8561,0
8562,0
8563,0
8564,0
8565,0
8566,1
8567,1
8568,3
8569,1
8570,3
8571,3
8572,0
8573,3
8574,0
8575,0
8576,2
8577,3
8578,3
8579,1
8580,1
8581,1
8582,2
8583,2
8584,2
8585,1
8586,1
8587,1
8588,1
8589,0
8590,0
8591,2
8592,3
8593,3
8594,0
8595,3
8596,1
8597,2
8598,1
8599,1
8600,1
8601,2
8602,2
8603,0
8604,2
8605,1
8606,1
8607,1
8608,0
8609,2
8610,1
8611,1
8612,1
8613,3
8614,0
8615,3
8616,3
8617,0
8618,2
8619,3
8620,2
8621,2
8622,1
8623,0
8624,3
8625,1
8626,3
8627,0
8628,0
8629,0
8630,1
8631,2
8632,1
8633,1
8634,3
8635,2
8636,0
8637,3
8638,3
8639,0
8640,3
8641,0
8642,1
8643,2
8644,0
8645,1
8646,1
8647,3
8648,2
8649,3
8650,2
8651,1
8652,1
8653,0
8654,0
8655,1
8656,2
8657,2
8658,2
8659,0
8660,0
8661,1
8662,0
8663,2
8664,2
8665,1
8666,3
8667,0
8668,3
8669,1
8670,0
8671,2
8672,0
8673,1
8674,1
8675,2
8676,3
8677,1
8678,0
8679,1
8680,2
8681,0
8682,2
8683,3
8684,1
8685,2
8686,0
8687,0
8688,1
8689,1
8690,0
8691,3
8692,1
8693,3
8694,0
8695,0
8696,1
8697,0
8698,0
8699,0
8700,0
8701,0
8702,1
8703,2
8704,1
8705,2
8706,2
8707,3
8708,0
8709,3
8710,3
8711,3
8712,0
8713,0
8714,2
8715,2
8716,0
8717,0
8718,0
8719,1
8720,0
8721,0
8722,2
8723,3
8724,1
8725,2
8726,0
8727,3
8728,1
8729,0
8730,0
8731,0
8732,2
8733,2
8734,2
8735,0
8736,2
8737,2
8738,3
8739,1
8740,1
8741,2
8742,3
8743,0
8744,0
8745,1
8746,2
8747,1
8748,1
8749,0
8750,0
8751,3
8752,1
8753,0
8754,0
8755,3
8756,3
8757,3
8758,0
8759,1
8760,0
8761,3
8762,2
8763,3
8764,1
8765,3
8766,1
8767,2
8768,0
8769,3
8770,1
8771,0
8772,2
8773,2
8774,0
8775,2
8776,0
8777,0
8778,1
8779,3
8780,1
8781,1
8782,3
8783,1
8784,0
8785,0
8786,2
8787,0
8788,1
8789,0
8790,0
8791,0
8792,0
8793,0
8794,1
8795,2
8796,0
8797,2
8798,2
8799,3
8800,0
8801,3
8802,2
8803,0
8804,1
8805,2
8806,3
8807,2
8808,3
8809,2
8810,2
8811,3
8812,3
8813,3
8814,1
8815,2
8816,3
8817,3
8818,1
8819,0
8820,3
8821,0
8822,0
8823,2
8824,0
8825,0
8826,1
8827,0
8828,2
8829,0
8830,2
8831,2
8832,1
8833,1
8834,1
8835,0
8836,0
8837,0
8838,2
8839,2
8840,0
8841,3
8842,1
8843,3
8844,2
8845,1
8846,2
8847,1
8848,0
8849,3
8850,2
8851,2
8852,2
8853,0
8854,0
8855,2
8856,0
8857,3
8858,3
8859,1
8860,1
8861,3
8862,3
8863,3
8864,3
8865,0
8866,3
8867,1
8868,2
8869,1
8870,0
8871,1
8872,1
8873,1
8874,1
8875,2
8876,3
8877,1
8878,1
8879,3
8880,1
8881,0
8882,3
8883,0
8884,1
8885,2
8886,3
8887,3
8888,0
8889,3
8890,0
8891,1
8892,3
8893,1
8894,2
8895,1
8896,3
8897,0
8898,0
8899,3
8900,0
8901,0
8902,3
8903,2
8904,3
8905,0
8906,3
8907,0
8908,0
8909,2
8910,3
8911,0
8912,2
8913,0
8914,3
8915,2
8916,0
8917,0
8918,2
8919,1
8920,1
8921,2
8922,0
8923,3
8924,2
8925,2
8926,3
8927,2
8928,0
8929,0
8930,1
8931,0
8932,1
8933,2
8934,0
8935,2
8936,2
8937,0
8938,1
8939,2
8940,1
8941,3
8942,2
8943,2
8944,0
8945,0
8946,1
8947,2
8948,2
8949,2
8950,3
8951,0
8952,3
8953,3
8954,0
8955,0
8956,1
8957,1
8958,3
8959,1
8960,2
8961,3
8962,3
8963,0
8964,1
8965,0
8966,3
8967,0
8968,1
8969,3
8970,1
8971,3
8972,1
8973,2
8974,2
8975,2
8976,0
8977,3
8978,2
8979,0
8980,3
8981,0
8982,0
8983,1
8984,0
8985,3
8986,0
8987,1
8988,3
8989,3
8990,3
8991,3
8992,0
8993,2
8994,1
8995,0
8996,1
8997,2
8998,1
8999,0
9000,0
9001,2
9002,0
9003,3
9004,0
9005,0
9006,1
9007,1
9008,1
9009,2
9010,2
9011,1
9012,1
9013,0
9014,2
9015,2
9016,1
9017,3
9018,2
9019,1
9020,3
9021,1
9022,0
9023,1
9024,1
9025,1
9026,1
9027,0
9028,2
9029,3
9030,0
9031,0
9032,3
9033,2
9034,3
9035,0
9036,2
9037,0
9038,0
9039,3
9040,2
9041,3
9042,1
9043,0
9044,0
9045,1
9046,3
9047,2
9048,0
9049,2
9050,3
9051,3
9052,2
9053,0
9054,0
9055,3
9056,1
9057,1
9058,0
9059,0
9060,2
9061,0
9062,2
9063,0
9064,2
9065,2
9066,2
9067,0
9068,3
9069,0
9070,0
9071,2
9072,0
9073,1
9074,0
9075,1
9076,3
9077,1
9078,1
9079,2
9080,2
9081,2
9082,0
9083,1
9084,2
9085,0
9086,1
9087,2
9088,2
9089,2
9090,1
9091,3
9092,0
9093,0
9094,0
9095,0
9096,1
9097,0
9098,1
9099,3
9100,0
9101,3
9102,3
9103,1
9104,2
9105,0
9106,0
9107,2
9108,2
9109,1
9110,2
9111,3
9112,3
9113,2
9114,0
9115,0
9116,3
9117,0
9118,3
9119,2
9120,2
9121,2
9122,0
9123,1
9124,0
9125,2
9126,1
9127,1
9128,3
9129,0
9130,2
9131,2
9132,2
9133,3
9134,1
9135,0
9136,3
9137,0
9138,2
9139,1
9140,2
9141,0
9142,2
9143,3
9144,0
9145,1
9146,2
9147,2
9148,0
9149,2
9150,1
9151,3
9152,2
9153,0
9154,1
9155,3
9156,2
9157,2
9158,3
9159,3
9160,1
9161,3
9162,2
9163,2
9164,0
9165,3
9166,3
9167,3
9168,2
9169,0
9170,0
9171,0
9172,2
9173,0
9174,3
9175,2
9176,1
9177,3
9178,1
9179,3
9180,1
9181,2
9182,1
9183,0
9184,0
9185,2
9186,3
9187,1
9188,0
9189,3
9190,2
9191,1
9192,3
9193,3
9194,0
9195,1
9196,3
9197,1
9198,2
9199,2
9200,1
9201,3
9202,0
9203,1
9204,0
9205,3
9206,3
9207,2
9208,3
9209,2
9210,3
9211,2
9212,3
9213,0
9214,1
9215,2
9216,3
9217,3
9218,0
9219,1
9220,2
9221,3
9222,3
9223,0
9224,3
9225,3
9226,0
9227,0
9228,0
9229,2
9230,2
9231,0
9232,2
9233,0
9234,2
9235,2
9236,1
9237,1
9238,0
9239,2
9240,2
9241,2
9242,0
9243,0
9244,2
9245,3
9246,2
9247,2
9248,1
9249,1
9250,3
9251,0
9252,2
9253,3
9254,2
9255,3
9256,0
9257,2
9258,0
9259,3
9260,3
9261,2
9262,2
9263,0
9264,1
9265,0
9266,3
9267,2
9268,0
9269,2
9270,1
9271,2
9272,0
9273,3
9274,1
9275,2
9276,2
9277,0
9278,2
9279,2
9280,0
9281,1
9282,2
9283,2
9284,2
9285,3
9286,2
9287,0
9288,2
9289,0
9290,1
9291,3
9292,1
9293,3
9294,1
9295,2
9296,1
9297,3
9298,2
9299,1
9300,0
9301,1
9302,3
9303,0
9304,3
9305,0
9306,3
9307,2
9308,2
9309,1
9310,1
9311,3
9312,2
9313,3
9314,0
9315,1
9316,3
9317,1
9318,1
9319,2
9320,0
9321,1
9322,3
9323,3
9324,2
9325,0
9326,1
9327,2
9328,1
9329,3
9330,3
9331,2
9332,1
9333,0
9334,1
9335,2
9336,3
9337,2
9338,3
9339,1
9340,3
9341,3
9342,3
9343,2
9344,2
9345,3
9346,1
9347,3
9348,1
9349,2
9350,0
9351,0
9352,1
9353,0
9354,2
9355,3
9356,3
9357,2
9358,1
9359,1
9360,3
9361,3
9362,2
9363,3
9364,3
9365,0
9366,2
9367,3
9368,3
9369,0
9370,2
9371,0
9372,3
9373,3
9374,1
9375,2
9376,3
9377,3
9378,3
9379,1
9380,1
9381,3
9382,1
9383,1
9384,3
9385,0
9386,3
9387,2
9388,0
9389,1
9390,0
9391,3
9392,2
9393,2
9394,1
9395,0
9396,3
9397,0
9398,0
9399,0
9400,1
9401,2
9402,0
9403,0
9404,3
9405,3
9406,3
9407,1
9408,0
9409,3
9410,1
9411,1
9412,2
9413,3
9414,0
9415,0
9416,0
9417,2
9418,2
9419,2
9420,2
9421,2
9422,2
9423,3
9424,3
9425,3
9426,3
9427,2
9428,1
9429,2
9430,0
9431,0
9432,2
9433,1
9434,3
9435,2
9436,3
9437,3
9438,1
9439,2
9440,3
9441,0
9442,1
9443,3
9444,0
9445,3
9446,2
9447,0
9448,1
9449,0
9450,0
9451,0
9452,1
9453,0
9454,0
9455,0
9456,0
9457,2
9458,1
9459,0
9460,2
9461,3
9462,1
9463,3
9464,2
9465,3
9466,0
9467,2
9468,2
9469,3
9470,1
9471,2
9472,3
9473,2
9474,0
9475,3
9476,0
9477,3
9478,0
9479,2
9480,0
9481,0
9482,3
9483,3
9484,1
9485,3
9486,2
9487,2
9488,1
9489,0
9490,1
9491,2
9492,2
9493,0
9494,2
9495,0
9496,3
9497,2
9498,1
9499,3
9500,1
9501,3
9502,3
9503,0
9504,2
9505,2
9506,0
9507,1
9508,3
9509,0
9510,1
9511,1
9512,3
9513,1
9514,2
9515,3
9516,3
9517,2
9518,2
9519,3
9520,2
9521,1
9522,3
9523,0
9524,3
9525,3
9526,2
9527,1
9528,3
9529,1
9530,1
9531,0
9532,0
9533,3
9534,2
9535,2
9536,0
9537,0
9538,3
9539,3
9540,3
9541,3
9542,2
9543,1
9544,2
9545,3
9546,3
9547,0
9548,1
9549,2
9550,3
9551,0
9552,3
9553,1
9554,0
9555,1
9556,1
9557,0
9558,2
9559,3
9560,3
9561,2
9562,2
9563,0
9564,0
9565,2
9566,0
9567,1
9568,1
9569,3
9570,1
9571,1
9572,0
9573,0
9574,0
9575,3
9576,0
9577,1
9578,1
9579,2
9580,1
9581,0
9582,2
9583,3
9584,0
9585,2
9586,1
9587,1
9588,3
9589,1
9590,2
9591,1
9592,1
9593,3
9594,1
9595,3
9596,0
9597,3
9598,3
9599,0
9600,2
9601,1
9602,2
9603,1
9604,1
9605,2
9606,2
9607,2
9608,0
9609,0
9610,0
9611,1
9612,0
9613,3
9614,3
9615,2
9616,2
9617,0
9618,1
9619,2
9620,1
9621,2
9622,0
9623,3
9624,2
9625,1
9626,2
9627,3
9628,2
9629,3
9630,3
9631,3
9632,3
9633,1
9634,3
9635,3
9636,1
9637,2
9638,1
9639,1
9640,3
9641,0
9642,1
9643,0
9644,2
9645,1
9646,0
9647,0
9648,0
9649,2
9650,2
9651,0
9652,2
9653,0
9654,2
9655,0
9656,0
9657,0
9658,0
9659,1
9660,1
9661,1
9662,1
9663,3
9664,0
9665,3
9666,2
9667,2
9668,3
9669,1
9670,3
9671,0
9672,0
9673,2
9674,3
9675,1
9676,3
9677,2
9678,3
9679,2
9680,3
9681,1
9682,1
9683,3
9684,3
9685,1
9686,0
9687,0
9688,3
9689,1
9690,1
9691,3
9692,3
9693,3
9694,1
9695,0
9696,0
9697,3
9698,2
9699,2
9700,1
9701,1
9702,2
9703,0
9704,0
9705,3
9706,3
9707,0
9708,1
9709,2
9710,2
9711,0
9712,0
9713,0
9714,1
9715,3
9716,3
9717,3
9718,2
9719,1
9720,1
9721,2
9722,0
9723,0
9724,2
9725,1
9726,0
9727,3
9728,3
9729,2
9730,3
9731,3
9732,2
9733,1
9734,3
9735,0
9736,0
9737,3
9738,0
9739,1
9740,0
9741,1
9742,1
9743,3
9744,2
9745,1
9746,1
9747,2
9748,1
9749,0
9750,3
9751,1
9752,1
9753,2
9754,3
9755,1
9756,1
9757,1
9758,2
9759,3
9760,2
9761,2
9762,2
9763,1
9764,3
9765,2
9766,0
9767,1
9768,0
9769,2
9770,1
9771,2
9772,1
9773,0
9774,2
9775,2
9776,0
9777,1
9778,1
9779,1
9780,3
9781,0
9782,3
9783,3
9784,0
9785,3
9786,0
9787,3
9788,2
9789,3
9790,3
9791,0
9792,3
9793,1
9794,3
9795,1
9796,0
9797,3
9798,0
9799,1
9800,0
9801,2
9802,1
9803,0
9804,0
9805,0
9806,1
9807,1
9808,1
9809,2
9810,0
9811,2
9812,1
9813,2
9814,2
9815,1
9816,2
9817,3
9818,1
9819,2
9820,2
9821,3
9822,3
9823,2
9824,2
9825,3
9826,3
9827,2
9828,1
9829,3
9830,1
9831,2
9832,2
9833,0
9834,0
9835,0
9836,0
9837,1
9838,2
9839,3
9840,1
9841,2
9842,0
9843,1
9844,3
9845,2
9846,2
9847,2
9848,0
9849,3
9850,2
9851,1
9852,2
9853,3
9854,1
9855,1
9856,3
9857,0
9858,3
9859,2
9860,3
9861,0
9862,3
9863,3
9864,1
9865,1
9866,2
9867,3
9868,3
9869,0
9870,0
9871,1
9872,3
9873,0
9874,2
9875,3
9876,1
9877,2
9878,2
9879,2
9880,3
9881,1
9882,3
9883,1
9884,0
9885,3
9886,2
9887,1
9888,1
9889,2
9890,2
9891,0
9892,1
9893,0
9894,1
9895,2
9896,0
9897,2
9898,2
9899,2
9900,3
9901,0
9902,3
9903,2
9904,2
9905,1
9906,3
9907,1
9908,3
9909,3
9910,0
9911,2
9912,0
9913,1
9914,0
9915,0
9916,1
9917,0
9918,1
9919,3
9920,1
9921,1
9922,2
9923,2
9924,3
9925,1
9926,1
9927,0
9928,2
9929,2
9930,1
9931,3
9932,2
9933,0
9934,1
9935,3
9936,3
9937,1
9938,2
9939,3
9940,2
9941,3
9942,2
9943,3
9944,2
9945,1
9946,1
9947,0
9948,1
9949,3
9950,3
9951,2
9952,2
9953,0
9954,1
9955,1
9956,3
9957,1
9958,1
9959,3
9960,3
9961,0
9962,0
9963,2
9964,0
9965,3
9966,0
9967,0
9968,3
9969,3
9970,2
9971,0
9972,3
9973,2
9974,1
9975,0
9976,0
9977,3
9978,3
9979,0
9980,0
9981,0
9982,3
9983,0
9984,1
9985,1
9986,3
9987,0
9988,3
9989,3
9990,3
9991,3
9992,3
9993,2
9994,1
9995,2
9996,0
9997,0
9998,0
9999,3
